1 281 
2 161 43 25
3 228 255 190
4 296 176 279
5 209 174 291
6 206 100 261
7 256 235 204
8 193 260 274
9 290 164 40
10 93 124 205
11 13 153 18
12 95 194 234
13 278 299 79
14 35 168 22
15 149 99 219
16 224 6 165
17 266 145 292
18 123 198 117
19 127 120 295
20 61 286 159
21 113 157 243
22 201 92 229
23 14 158 17
24 3 208 97
25 30 128 143
26 250 70 114
27 170 130 220
28 132 202 293
29 196 207 221
30 252 183 269
31 177 103 8
32 192 64 32
33 45 106 253
34 175 118 38
35 59 104 1
36 7 15 81
37 136 119 262
38 215 71 137
39 0 69 162
40 75 51 187
41 140 244 63
42 248 240 270
43 58 12 276
44 27 19 28
45 105 191 151
46 82 237 96
47 273 142 54
48 24 180 41
49 186 216 20
50 121 134 23
51 108 160 16
52 139 50 188
53 152 231 2
54 182 85 225
55 214 4 275
56 233 90 150
57 109 199 48
58 283 65 33
59 44 268 57
60 173 56 232
61 107 125 197
62 67 203 297
63 146 251 10
64 115 263 257
65 242 111 181
66 294 29 178
67 60 217 280
68 163 73 267
69 238 80 185
70 227 284 166
71 68 94 155
72 148 74 141
73 78 241 169
74 171 86 247
75 21 52 116
76 101 254 223
77 189 112 102
78 62 84 226
79 66 147 298
80 55 76 53
81 230 236 264
82 98 211 88
83 172 200 285
84 218 77 138
85 167 110 287
86 265 195 89
87 272 144 282
88 122 126 49
89 156 37 179
90 91 135 46
91 133 259 131
92 26 246 83
93 5 87 271
94 154 31 47
95 210 239 258
96 222 34 42
97 39 249 245
98 129 9 213
99 277 36 11
100 288 289 212
