1 466 5671 3864 9724 9339 8370 662 8498 9415 4782 7933 6552 7032 8839 6136 5469 3017 1147 1302 5944 6701 4200 1616 8469 4014 2792 8828 6379 6156
2 4032 6142 4462 4601 6858 9652 1412 9770 8979 7208 934 8918 3273 4535 6370 5821 6167 2698 8665 6028 7005 4614 2083 8837 4876 6897 2115 6838 6443
3 9307 9439 6046 4962 8350 9731 1647 3071 9162 7244 1182 9473 4629 6152 8085 8453 6706 4934 1567 7387 7985 5752 2452 705 7302 3349 2777 195 2265
4 516 4075 6504 329 2775 5356 2951 6609 398 7802 2493 9616 4702 7286 9826 9472 8015 6003 2468 8167 4086 5946 2815 1001 8514 3932 8764 790 2290
5 5956 6122 4985 8399 4276 6275 4486 8093 4827 363 2686 9636 6242 2181 568 779 8629 8023 2568 1068 4866 5983 2928 2212 1329 7421 393 830 4763
6 2634 9329 5974 4583 4354 8950 6022 533 3177 1978 7917 1308 7126 5647 846 1544 9173 543 3145 3561 6257 1192 2941 6577 2098 592 5411 4112 5848
7 2953 9267 6324 24 7969 8441 1857 2625 4135 3570 9597 2358 7160 5883 2102 3509 3886 1410 3922 5930 7826 8381 3987 7050 3066 2765 2428 9701 1838
8 3171 4016 7105 3225 8379 9325 5853 4740 4647 3909 2000 6338 7962 6119 9740 4037 4239 1854 4736 6970 8474 399 6150 8002 7481 3105 3821 2988 6144
9 3578 2947 7495 5255 4222 4425 9048 5441 9455 4374 2930 2963 3361 7465 2997 5570 5079 3381 7968 680 44 2144 2409 7683 1515 4771 5396 7264 2014
10 987 3939 8289 6572 4902 1332 9075 5753 1235 5057 5810 5959 3721 9606 3614 569 834 4874 8248 935 414 5272 2512 8565 5205 4948 9357 1103 8352
11 6215 4401 573 9601 447 3250 2234 5813 2352 5408 8334 6550 3735 9710 4321 1014 958 7075 8613 3290 577 3295 3377 974 7370 2490 1024 1279 4052
12 9389 6610 5750 9602 2028 5435 7760 782 9819 7670 8641 9204 4117 9899 8045 2130 2833 8909 8882 3790 5213 698 4151 3631 7448 2586 1185 7950 5915
13 6071 9086 2899 392 3294 6847 100 3953 1252 9395 898 9429 6434 4666 621 3093 2975 9736 4533 6461 3432 1094 6315 5601 6118 4334 3142 8452 4483
14 7780 4783 3234 65 7630 7413 2713 4710 5092 4 2499 126 9702 7521 631 6540 3012 474 7734 8616 5431 87 7899 7077 9101 970 6221 4034 2391
15 1126 9523 3817 6127 2235 527 3247 3501 5784 4347 2875 847 253 8610 683 445 7288 940 7978 2147 8481 2342 9955 7155 1918 800 3598 8784 5852
16 4243 8643 1020 547 5620 1479 278 5568 7409 313 3152 4329 649 9629 1378 2465 7483 5016 8826 4272 8843 4725 2842 8817 4020 3291 4296 2034 306
17 1724 1788 1525 611 9699 3902 4203 1229 7925 1206 7519 5369 5357 2513 1670 2969 8860 7378 162 4494 1987 4748 3660 1903 4904 5800 5019 4800 6810
18 8489 7263 3581 2644 4741 7175 7853 2247 79 3815 9526 6944 7394 4342 7131 3738 9754 1580 8935 4506 2142 7876 3858 3708 7110 6380 6846 6653 7100
19 5964 2948 4709 634 9563 7169 8305 7118 3978 6023 2573 7231 2282 6038 8440 6172 3488 1656 8994 8632 3745 8777 355 5432 1926 6979 9239 1633 8196
20 283 5360 7588 4714 5018 8697 835 7793 7255 6436 3619 7297 3606 6083 9278 741 4139 3557 965 978 6735 9844 964 5318 9312 8844 1589 4861 7612
21 224 9891 8437 1277 6189 2173 1460 9143 9546 4011 6628 755 5239 7843 9418 2456 4178 4767 1674 1273 8053 9974 3791 8375 4341 1260 1951 1288 8602
22 5629 4130 2905 3754 7116 3408 1735 9746 4921 4351 7577 1336 6585 8796 684 4045 5630 5835 1676 3202 9934 6659 6209 255 7240 1884 269 9044 8009
23 8982 4572 7099 5363 8200 5595 8973 532 1516 5447 7946 5247 8666 8969 1806 4104 5845 9502 2390 4403 4512 8971 424 2089 7453 2542 1776 4561 1905
24 167 160 550 5893 8238 9316 9163 1183 8619 5770 9270 5926 1503 9187 5854 4182 8396 350 2444 6800 6061 179 663 3014 1694 8157 4716 1066 7563
25 6284 9604 3305 491 8849 197 9358 3479 9623 492 2271 8402 2133 1098 4653 4605 8647 739 2880 9951 6437 390 1592 6919 7641 8908 40 2191 5383
26 9177 861 3335 2943 783 3991 1416 4192 753 5321 2293 63 5036 7432 6352 7411 624 3122 4294 2216 9150 7629 1673 1693 7851 2861 4429 3191 5695
27 1366 2003 949 1413 8202 4419 5393 4811 7148 5414 2754 1986 5236 1885 6700 7758 3992 3929 4703 2658 3710 9903 2367 5160 1495 7546 6734 4481 7553
28 6595 7430 2340 1909 6691 9461 7017 5135 8097 8069 3079 2672 6194 6529 8062 8236 841 7397 5378 3834 6052 2170 6500 6463 4191 1421 2703 6074 9925
29 1073 2871 5577 3089 6521 640 7551 1929 9983 9021 5608 4520 7013 6954 230 148 946 8347 6081 5113 7140 5761 2671 7909 2592 6999 3836 6866 345
30 2135 5802 6729 7047 7621 2989 9433 2029 1655 2030 7565 7472 9361 7420 5105 203 3940 1453 6674 5225 7870 9146 4161 8180 2600 7139 2904 1636 2702
31 7163 5874 7185 5905 8511 9256 2420 7176 3608 3431 7821 5055 3296 4912 9106 5319 6270 1897 7404 5546 7958 1362 4698 9564 2912 5997 5155 2355 436
32 281 6555 8916 3205 6854 2679 3003 8073 4471 3841 9961 5083 6476 5454 1246 7685 8066 3343 8365 773 9262 1880 6559 487 5111 6712 6968 8674 2641
33 7694 2362 4513 4087 7437 6816 4209 1385 6675 6250 915 7979 9918 1161 3187 2294 8322 9225 9806 2929 1825 2604 5063 3458 9945 6966 504 9304 7312
34 813 7796 9121 5254 9102 4061 4220 93 8475 6351 2461 9226 103 4265 5103 2729 3271 5567 1335 3554 2438 8403 2394 9382 558 7498 4622 9506 9704
35 6224 1684 3948 5781 1349 6359 4225 137 118 8237 7303 2091 1661 5722 5273 3100 5493 7234 1944 7912 4228 4332 2422 802 3044 1766 7973 4244 1493
36 1215 3268 4801 9363 1392 9733 6086 2526 865 8526 8962 2991 6341 6569 7191 4456 1202 8003 2832 775 8892 8954 4382 7581 6247 9269 827 4935 2114
37 9025 5440 9875 604 7674 335 9670 5252 2921 3454 1388 6056 8943 9015 8487 4603 3965 8293 2918 1310 146 9061 4460 8659 9391 217 2269 976 7373
38 3358 4706 1981 5350 8482 3521 870 6294 5488 4224 3196 7626 1740 614 6139 5616 5988 1164 3096 3915 1652 9865 5068 2816 2528 607 2716 4095 5485
39 7190 5178 5131 7273 270 5416 1467 6581 7200 4665 3674 1632 5540 635 7592 8470 7794 2517 5417 4491 2153 353 5978 9328 4981 2504 7038 4745 4713
40 9488 3473 4704 4539 3274 5901 1959 6661 7377 6202 6724 1657 6114 2171 2264 8772 9394 3736 6670 5395 2613 1672 171 942 5768 3502 3170 7883 2361
41 6055 4074 5625 1135 5691 7350 2262 9231 404 6424 7134 4392 6859 2576 2994 9758 9406 4409 8539 5499 7949 6616 2772 1863 9159 5884 6039 8315 9683
42 2742 7648 7484 1426 9635 7783 7150 9836 1558 1263 256 6678 64 2726 3616 9767 1465 8751 1750 9783 8316 2745 5422 2784 1671 9166 587 2751 9436
43 105 862 7840 1513 2254 7918 260 538 7444 1423 5090 9823 319 4956 7458 9779 2022 8998 4080 9969 9491 3772 21 4041 3703 996 1808 7701 6375
44 6771 7867 9107 2387 6430 8823 1375 7327 337 2505 5504 545 6467 5787 2894 1583 2926 1011 5824 475 333 6759 282 5210 7205 2852 8589 9103 4799
45 2893 8678 156 3322 2148 9494 2466 395 483 4926 8582 3478 1110 6965 7054 2639 5822 1712 8675 2725 4662 1711 1895 7021 8915 3707 3907 502 2426
46 6190 4731 91 121 6787 1000 2846 1191 1025 6510 760 7999 1928 8576 8528 4120 7184 731 9569 3544 5267 2767 950 7074 6104 941 5683 4656 5340
47 39 1615 1729 320 7775 8615 3565 9005 2032 9876 1790 9867 3397 9350 382 7352 7971 1363 9794 8201 7501 5138 3224 139 4349 3154 7859 8491 8456
48 921 3687 7433 2916 9127 2544 3767 1353 702 1067 3362 4055 5552 138 1203 1565 9960 7460 33 8883 7984 7834 5235 1010 695 9210 8132 9774 6217
49 5028 5602 8027 5233 1242 3283 3961 1850 5348 5898 4048 4282 5609 3075 2139 3427 129 2100 2590 9077 8338 8013 7398 7213 1197 1173 169 451 7225
50 8680 9578 891 6440 2301 4458 4204 5133 7022 5594 4633 6301 8496 8864 3666 4293 594 6097 4569 1063 2530 608 2332 7471 1232 1338 4053 2788 8092
51 9658 9716 8277 8332 3650 6807 4260 6474 2680 7480 4680 6642 5038 597 3810 5080 3269 216 6227 1881 8151 2033 8593 3419 3272 6842 8048 3028 646
52 567 7706 8792 9835 2559 6868 7728 6955 325 6755 8037 9586 6435 1572 6182 5907 5073 6335 6707 1947 8652 2113 4431 4369 9476 7230 9946 5872 7177
53 4064 1768 2104 4851 511 8501 1733 7429 3760 8776 30 370 9822 4098 6307 6225 7278 6964 7114 3780 9910 2402 5362 6102 9638 9995 1035 6953 4264
54 6492 2879 2413 5387 685 6044 5780 2485 5464 9799 41 441 929 7929 7111 6385 7561 7294 1092 6096 1666 3041 8871 1169 7043 1834 7567 1804 4594
55 1743 4022 7747 9011 1419 1153 4445 3442 5645 6418 1796 1371 952 9840 2045 904 8275 9998 6565 7980 2548 5459 3299 7311 9693 2469 2392 4612 856
56 6002 2690 4259 930 3899 1756 6852 3529 525 225 2709 2416 1331 962 4951 6679 1125 651 4274 8555 5551 5566 4432 7580 5510 7609 1070 6312 632
57 6727 3303 5830 1510 5461 5993 7522 3838 8383 828 1043 4295 4033 4556 6377 8435 6195 2551 6234 1556 7616 537 6344 4711 1474 9615 4608 17 7744
58 5304 5244 7739 4726 136 7271 9722 7983 2827 1953 3700 4958 6990 4581 9388 389 1508 4210 8631 2687 315 1731 6347 5470 2018 1772 8227 5227 3572
59 6280 5471 8715 5031 3395 1424 805 8756 5300 4897 8301 5050 9483 5991 1107 5283 1555 4406 3390 5763 3384 5707 66 6778 2518 4103 2323 7830 8206
60 9545 5665 2004 5731 2093 3366 1701 8847 5442 7654 8344 5482 444 7688 4769 263 5095 198 3630 7355 4197 6089 465 7627 3127 3310 3051 2075 3535
61 1939 425 5942 4766 5187 5191 2800 9126 8970 3828 8797 2619 2146 9375 6431 2082 7759 402 1199 509 5076 7375 1599 7819 5990 6589 5936 3783 656
62 7109 8095 6688 6452 8703 7196 5916 9675 1157 7030 8890 6047 9538 480 6995 2169 8692 410 6009 968 8566 1561 4379 887 5161 349 7325 5754 1143
63 8101 238 7142 7466 8708 1604 7237 2228 2105 8608 458 2419 5486 884 4155 2351 2334 2514 8079 4233 2209 4122 6895 1261 5582 4591 8410 6465 4504
64 8976 8036 2211 3006 9859 3665 310 2313 8862 8993 2325 6115 2175 1678 4979 2756 2373 3493 9449 6781 6125 5261 8216 5147 6930 5849 2031 2527 9877
65 8983 6751 8728 7795 3960 4252 812 3869 9178 6350 2903 8014 1018 3005 7203 2850 8965 5250 697 2546 9247 6068 164 9240 9479 4400 4724 5195 7620
66 9184 8205 9848 470 4457 923 864 1682 9260 8386 3399 8505 1278 4303 427 5243 1547 7053 1104 4793 1761 6251 890 1240 906 4939 4789 5579 57
67 2574 130 3157 2874 6920 1826 2823 2286 6518 38 8953 9211 2308 8145 1216 5961 3946 4679 2606 6543 2061 8627 4994 6309 2215 143 6657 1380 794
68 5173 1323 5739 3037 9943 2566 3061 6625 8846 4478 9681 2758 2675 8427 2354 9254 4128 5170 3194 7081 5634 661 1713 7168 4772 2421 9245 421 5549
69 477 9001 7817 4663 1645 6170 4554 8378 540 9841 2073 5518 3724 9111 5825 331 4645 7904 2780 7731 6911 4919 4196 1166 5564 4818 6484 8515 9914
70 853 5365 1027 5605 1908 7687 7887 612 2051 666 3549 8905 6260 9560 6822 3098 1086 8798 4906 7803 8873 5923 4678 2374 5777 6602 657 9873 1032
71 4613 6296 3536 6762 9334 4914 1179 8766 2771 1175 4636 4833 7357 132 7847 5809 1296 8803 5668 8007 2427 9090 5713 5844 979 7671 8294 2199 3369
72 6428 6689 7164 6834 194 266 5856 9981 4588 5107 4890 6627 9952 729 2714 6236 4078 5284 7797 8724 2561 9507 6062 2656 6851 8679 8667 8231 4145
73 3032 9214 1257 7037 879 1081 7198 3648 8118 7805 5368 7181 505 789 5041 6886 7178 5406 8638 6606 4784 1529 9042 7583 956 1662 8819 5947 8135
74 4780 3282 4472 2632 2631 2618 8968 4105 2299 9012 9370 9727 5045 7537 5785 7722 8158 8714 9926 7761 7860 2180 298 8142 2408 2020 9499 7486 8426
75 6598 7006 3048 4750 5382 3844 9138 6137 4050 3595 2732 3568 7564 8288 6498 8795 9338 2176 2763 9230 2227 7128 1128 276 3301 2353 4323 8283 2236
76 5760 5798 5496 1845 6148 9772 9195 8046 4688 908 3062 3719 9213 6371 6695 176 9982 3085 3831 4106 3494 1221 2097 1093 1209 3795 7500 2841 5264
77 9696 6321 9311 3243 6554 4553 6775 9657 6731 1823 5026 4762 7382 8042 512 1635 3332 8254 4246 8390 4137 1877 3973 2010 1584 8319 7677 7290 5764
78 6509 2516 8625 8134 8835 9349 1610 311 8175 1977 5680 5140 7865 9965 2744 1812 3371 8290 5766 1532 5965 9145 5708 4206 3125 9130 8956 2694 6650
79 8273 3226 92 880 7858 344 1849 1256 9790 2043 6715 6733 72 721 3967 2820 3625 3845 1052 2026 7718 1137 6397 4236 4768 1315 600 4803 8400
80 9233 1505 902 876 8532 3258 3870 2678 346 6191 291 9125 1901 1381 75 6655 3706 6806 1163 2853 8748 3680 6877 6818 9341 7765 3307 3200 2536
81 5477 5201 1196 7603 4744 7711 6962 2840 2024 7790 1075 1368 6318 5192 496 7730 5186 6922 1280 4927 1150 5655 7477 62 3065 4673 3748 7478 2863
82 3237 799 4043 1415 9889 299 8439 3022 3474 9654 3297 2624 2055 7452 572 9041 8769 9820 3166 5112 1409 6133 8516 430 5517 6079 5478 9610 8924
83 851 9475 8221 3851 1489 6906 314 4813 8123 5638 5159 4964 4443 2523 713 9076 5786 714 6831 5604 3256 7697 3373 1101 7246 7532 8787 1602 4892
84 9766 7750 254 3942 5421 7306 2445 5656 9028 6641 5537 9718 6869 3954 3280 144 7402 1347 8041 8362 5748 8563 3712 4370 3843 7692 7597 2012 5027
85 347 1859 718 1649 9579 9621 3470 7910 9592 7754 8930 671 9456 4580 4705 981 9838 2372 9662 8460 8669 497 8359 5742 6711 3562 3242 2129 725
86 7776 4758 7905 3131 858 122 3729 177 3456 7930 2260 1121 3387 6493 9426 3642 68 3024 1954 8713 463 3866 582 9527 7080 5040 5931 3787 1817
87 772 5519 115 1184 4376 3104 4564 5277 4102 4901 4079 2365 3392 7092 2776 5868 202 4372 2149 268 6004 6041 4655 2369 1276 7199 7338 4001 3997
88 1809 701 722 4176 5070 4357 792 8369 6141 6536 4864 2375 5153 6784 5533 7778 1114 6402 3214 302 8187 6835 6748 5154 3523 8820 8813 4389 4865
89 5705 1752 1658 4885 8203 5712 1719 187 7061 6637 8412 3921 6285 6915 5842 8094 4160 6630 5260 1709 1425 7008 7277 7366 5352 9853 9631 9490 1702
90 3508 5134 5297 7060 9598 7268 1975 235 7709 6870 8689 6131 9117 7052 8404 1253 4615 9104 5939 3095 3998 8090 8454 579 7115 2718 1370 157 181
91 4776 5158 514 745 244 7316 3567 3039 8086 7374 9376 7875 13 7986 1499 2724 6024 2383 6207 3757 6447 2057 9427 2441 7907 3195 2037 7903 151
92 5924 1594 4995 3670 652 8913 4971 6308 9956 6665 4755 8105 709 9542 1894 6013 9503 3588 7861 4345 7880 5878 700 8747 7257 3770 4499 9787 4040
93 7003 7159 8218 7665 2405 1418 5165 7825 3563 8056 5039 9039 4677 4631 2545 1940 2769 7509 9253 1469 3323 6000 1593 9129 272 4790 9588 7885 5828
94 1357 8174 5203 8133 6105 4557 5167 5527 3573 8471 446 2933 5046 4742 5740 3711 2945 8786 1952 4999 3691 9541 1614 1391 1065 5681 1007 9539 5143
95 98 9674 6198 9359 7656 5086 6235 6967 4606 1434 1284 5312 9031 2531 2339 3837 3236 9305 5011 6739 4552 845 2007 1506 5316 6767 4527 2746 5516
96 8342 4882 6248 8262 127 6801 6942 3002 6166 5505 2836 7647 9249 7589 4154 9661 5048 9627 6323 6855 4559 5174 2440 3617 9839 3655 407 5558 9559
97 2245 4959 2415 1292 3460 8372 7102 874 7132 7376 5649 2187 9596 7906 9834 1298 8116 975 6339 7392 6035 5976 4584 5588 4008 6311 485 3262 6361
98 9236 9074 4476 2053 8178 3219 9287 1764 528 7771 7943 2312 251 8944 6717 1803 9508 1295 9284 8822 6155 6728 4604 7492 5399 3854 2219 4006 307
99 1285 650 5897 3327 8323 3850 3388 1851 2449 8038 8164 3499 2809 1654 8951 4124 9513 2121 433 2296 8445 6753 6683 312 7456 6384 2071 4278 4819
100 4029 1019 1390 8117 2616 520 6372 3904 2779 8711 9923 6120 4319 1739 2009 5128 1319 3465 3769 3148 3231 3587 7120 983 9871 4010 3378 9679 6513
101 5327 8901 7363 1049 2996 761 7124 5305 5714 1146 5200 6591 4338 2203 8476 7441 1484 4900 4377 3718 3251 4643 8284 2735 1188 5130 6231 3468 6204
102 6263 1575 9030 7557 6587 4142 1195 5331 7180 1442 6668 7485 7239 2331 963 8654 3647 5528 6817 2773 5839 5010 31 4739 5870 6179 8251 9300 4982
103 5298 5574 4566 9792 9366 4271 3947 7014 8211 3859 896 9501 8425 2906 1777 9776 4728 8937 9487 5024 5996 6289 239 7247 1211 9664 2470 1061 8770
104 6304 1136 5289 5697 9403 6996 9046 2501 9065 4077 1466 123 2086 4797 3146 4683 5342 549 9613 5062 7298 8168 3794 408 3059 1145 9971 4621 3330
105 7877 2689 1659 6123 4301 8899 9938 6029 1446 2956 1738 364 3740 5059 3270 932 7019 5386 9620 7293 7952 9460 5873 4459 4026 3339 1080 1480 882
106 7966 4753 5987 6882 7954 8949 6845 6128 5263 3628 2844 2503 6291 8387 4286 1786 1892 7280 911 7998 495 25 6501 5265 9167 6719 3035 6478 7260
107 7850 2960 7192 8876 8450 180 3510 6444 5789 3926 4310 2537 7487 2016 4853 6111 3043 7542 1498 995 1613 1158 6815 1747 1784 8130 3895 4498 3042
108 5034 3045 7469 172 168 8081 6531 8374 6857 4646 4973 4149 7872 3594 7544 7197 4364 7684 4164 2706 7863 1540 8295 1842 3504 9073 2074 7094 6651
109 3668 9113 9504 8057 1038 8181 8752 37 252 6538 6077 4508 9942 6511 114 4722 5600 8810 4440 6241 9611 4903 8753 2151 3847 4965 6640 4624 7219
110 7956 9763 1937 8829 3016 2050 9136 2346 4199 9520 6721 5633 1585 7323 426 6723 7672 1187 6095 7638 1148 4924 9883 3084 5847 5702 8414 4786 9551
111 7804 1778 3159 2231 5234 3068 2172 3259 912 9984 7384 5940 4315 7663 4373 6808 8444 2704 9821 7653 3257 4889 265 3823 7183 2708 1578 205 6593
112 9055 2096 8341 5151 5658 3657 3531 5886 1551 228 1560 6623 7108 6943 5345 2887 2393 3321 10 9352 5072 8664 3789 5767 9571 5650 8100 2949 261
113 5827 4287 3315 6042 8541 3901 4770 6054 5349 1265 4111 1259 8302 8573 5920 2976 3452 6621 542 9437 1996 1496 7651 6406 2317 8446 9068 4676 5871
114 9715 5084 7463 909 3571 5069 6644 7130 1867 6890 5271 2202 9122 9653 6159 8083 5042 7076 4957 77 3346 3113 3525 9888 3447 948 2184 4723 6395
115 7945 7405 690 1611 3785 6145 8553 1109 4071 6908 8055 6584 9124 2244 6523 1883 8926 9872 5033 2885 3872 3124 4648 7188 5307 3333 9393 9775 2280
116 9874 9537 7820 2205 5811 3975 8606 1321 5514 8449 8500 7367 9614 2828 9056 4421 9558 343 5462 3517 7283 7410 8611 8987 3108 8245 903 6612 3405
117 7309 2253 6199 3903 6925 9244 249 1512 5573 9531 8815 7570 717 4671 9386 5376 9851 4211 6588 3733 8219 8089 46 9496 3951 9324 2417 7476 6556
118 6951 7528 2683 8126 6904 455 839 2058 2810 9647 9198 8072 3840 5322 9509 8604 9901 8329 8668 3950 9510 131 562 765 6065 9963 2814 2783 768
119 8143 5513 3404 6473 9313 4619 7147 3391 3600 688 9228 637 108 5700 3560 9939 2821 9118 9735 6045 1017 286 1795 2081 6205 3128 4441 3941 5972
120 4600 1557 3747 240 1171 9396 2225 3813 3964 1006 2368 1267 1665 7282 4642 1355 4378 155 3114 1117 3849 2884 4212 5885 1149 5654 5819 2593 6894
121 1519 3263 7189 394 2898 3723 5593 8681 5544 9550 2397 2095 2124 1737 5182 3912 4855 1844 5299 2287 4129 7335 1029 4430 3293 112 7536 4886 16
122 3690 7888 8103 2120 6261 4238 6646 1591 6393 4215 5779 3924 2642 2649 5419 9098 8742 2381 7512 4019 5293 5275 2041 5375 3592 3781 3469 6299 814
123 6469 7908 7122 7146 6840 5407 7068 2412 8584 4230 8022 6193 5999 4838 7129 2195 8921 3001 9830 6888 6520 5403 6340 6743 5145 6553 3877 6977 2242
124 2190 9407 8068 80 9385 7079 7848 3627 9991 296 8621 8686 7738 7571 9989 2316 9815 5581 4148 7249 6705 2957 2118 257 6813 8021 1753 2766 6043
125 5280 1180 3008 384 1306 7914 9552 8816 5850 3786 9206 8791 8872 9644 4548 2539 1405 8242 4896 9741 8732 4993 191 5948 6987 3232 4626 9161 9781
126 4845 5857 8463 1118 6671 1683 1792 4597 6522 4761 9441 578 174 273 4618 6264 9643 4257 6173 986 435 7042 237 5980 733 9190 159 2447 4777
127 3179 9321 3741 4013 5008 3486 3466 297 3685 7318 9600 3730 584 1891 4690 7708 2208 8960 7623 1476 2831 2167 8144 8607 4638 3688 2532 4558 6865
128 3081 9706 9686 4691 8124 422 3602 7269 4051 6322 163 5426 784 4000 9035 135 2793 3316 7831 2538 2896 3203 507 1350 5208 4752 3797 4667 6174
129 1988 6976 6929 6262 1802 852 4863 8509 2589 7214 1305 9977 1364 5003 54 2682 7170 6407 7857 2607 2954 4685 1339 1930 6037 4879 6459 481 2
130 3115 7087 7151 7818 6649 6076 9069 2454 3446 7336 5710 3067 531 7781 1002 3176 7186 6533 8147 3491 2993 7253 1797 5812 6446 5979 9371 5720 2795
131 3980 6256 676 7510 7235 6777 766 2851 5051 8191 5791 8050 3919 8779 1527 7619 9445 1528 109 7970 5734 8587 2986 6008 8373 689 3649 7078 3046
132 4219 4085 2717 7854 8173 318 1681 5266 985 3822 7195 2345 209 374 2067 7763 3190 4069 2400 746 3818 9139 6744 2250 9322 1360 4575 4009 5727
133 6635 4387 6959 8575 6031 2748 2275 5799 4418 5023 8552 2950 2710 1872 2555 212 3552 5291 4292 1201 9917 448 2062 3034 2251 2594 4931 4189 6773
134 1566 5337 1437 9780 6392 3564 4399 6222 4961 7031 8617 5181 3220 6413 4907 1218 3883 6063 4511 5858 1190 4922 3833 3288 2077 231 9194 4099 1917
135 7368 5330 1771 8250 8380 7459 4444 8107 561 3163 1568 5758 3894 275 5457 1622 4172 6093 1244 2157 5268 5043 5125 8393 1485 1878 8268 4383 9548
136 9813 8384 4465 2267 3058 9530 4871 8371 1441 3663 2796 5804 4216 953 6486 1449 6330 8345 3117 3714 6249 7579 397 9209 2036 3882 4632 4555 636
137 9543 9514 4639 289 5074 3829 4952 5324 2278 4449 3426 5945 4530 1833 9319 2188 8052 8377 3629 6441 6619 559 2261 4335 2196 8411 7810 4258 6026
138 7774 3911 9972 3681 8851 5797 5693 6410 5682 5320 2298 6084 7385 1993 1462 4442 8684 3161 3944 9655 7913 732 2915 7395 5058 5929 9377 4738 6826
139 5089 8217 4207 4047 2787 5908 7206 7127 6597 7062 3385 6288 8433 9422 1865 6213 8941 4132 5867 917 1172 2937 3853 8885 9566 1819 3482 9419 5571
140 2198 623 5545 4393 3658 6313 8743 7182 7065 8824 4384 6692 3175 9447 9374 6988 2284 5636 1841 1997 6386 3015 7488 7482 267 3099 6776 9707 6367
141 4737 3064 460 3475 4413 9798 3553 756 9732 3518 6238 7997 7419 1021 3222 9678 8186 8355 3969 6112 6512 4841 8385 336 4289 1873 8614 2801 7931
142 5294 4253 4018 4343 4918 322 4760 2300 500 3812 7119 8465 7762 1741 4954 233 8919 9288 4587 6169 2693 894 1074 5524 4408 4489 245 6108 488
143 8150 6147 5388 7705 3424 4412 7937 7666 3773 4447 7667 8947 9266 2005 5270 1664 1554 9296 8626 7462 8156 5452 1998 764 7893 1318 2158 1217 1085
144 3073 7782 5548 8388 5832 2326 8592 8001 6196 959 1076 9497 1570 3956 8303 2013 2913 1282 5066 8091 8586 6165 3888 1408 133 4531 4660 2306 3267
145 1628 3750 6180 8077 8904 2327 2927 9053 7156 1548 1541 1026 5047 5049 9850 4307 5887 3876 6360 490 8854 9742 4159 5274 5100 1705 6078 2655 2886
146 4980 9405 4082 145 2822 2995 4475 1837 9058 1931 6921 2789 5716 8651 1782 4625 5892 4966 218 878 9411 1900 4464 8568 7947 3308 9810 4113 4065
147 6830 1497 5490 6040 7007 3389 5865 4804 9753 4984 6946 2873 8020 211 4028 5984 1393 5071 872 1798 2268 3011 8609 2192 9803 3972 7069 6132 7443
148 4446 5391 3021 7993 9788 6558 6881 6255 2288 7669 7987 6211 4484 1205 6570 8912 2731 6401 7145 3659 2349 5194 280 8102 673 6116 6168 2243 664
149 7560 7839 3994 9281 3695 6853 7746 8405 9207 464 8188 9006 4570 1539 7517 1483 681 9576 9928 7942 360 1915 3352 1960 2609 7637 8790 3897 1450
150 6448 7403 984 14 3734 3485 9517 8695 9369 2660 6913 9595 5550 3414 8725 1890 1606 811 2270 2001 1097 3547 5196 3241 6201 9294 748 8845 6686
151 4940 6524 1337 457 7261 9010 1152 9589 2204 4654 8948 284 5676 4826 4314 2570 2685 1403 5904 3286 2506 5436 5903 675 6798 9470 6015 106 5479
152 9026 8717 1773 2587 8223 9953 1494 1746 2750 5622 1757 4883 7332 7955 4487 3423 3430 1439 4386 3986 3880 669 8190 928 8049 7267 6643 6415 4972
153 4774 4089 3974 7808 4596 9978 3498 2585 2917 8367 2458 6892 7381 9617 5584 5520 8340 1444 4806 5017 5329 1013 1056 1629 3199 8521 3591 7468 5631
154 5910 8891 5981 8991 4658 365 5928 6898 9515 9094 3078 9845 9905 304 6788 7113 2464 4266 5335 6456 2891 8656 1243 4426 6208 6539 2500 473 3153
155 2401 5007 290 6153 6718 4175 744 246 9816 931 3103 1579 9941 816 7772 9493 2749 6567 6259 9215 3490 8855 1311 6909 1801 9900 3558 510 4214
156 6053 6279 4415 2090 8513 1517 2942 3808 1598 7123 3966 3918 1760 848 9289 2453 4589 7285 6732 9996 6682 9698 5020 9302 6085 1627 8868 647 4249
157 3090 7508 4721 988 3355 1943 3080 7152 3167 7221 4245 4186 2163 1692 2295 4693 6278 9795 1314 2322 8281 1313 7057 3136 7215 8462 5899 3550 7143
158 7393 7927 730 4975 5969 2388 3484 8104 6325 2289 4649 4391 2646 2865 3101 6425 9584 1922 2155 5673 557 2804 743 5127 8193 5950 6229 4505 5439
159 8978 2226 4180 2156 7096 3540 7141 1156 7838 2652 8035 5226 3661 3091 3722 7852 385 5534 2764 5935 4177 3076 3018 8906 9052 5562 1523 7011 6765
160 8995 4404 4823 2563 7974 6802 7736 2799 9697 989 484 6069 5146 6487 4715 2924 2305 7058 3878 742 4875 5398 4437 9222 9314 7842 7644 8258 1250
161 6186 5242 6599 5392 1160 7901 8548 3641 429 1924 1699 6398 5301 7089 4144 2959 6050 7582 4835 1106 6300 2622 5202 9323 539 9861 8989 9200 1330
162 7364 7719 2366 8039 2389 8127 4358 2178 6544 3137 1781 6519 1428 8812 5093 4241 6432 8220 8264 1923 6381 5296 6883 9800 3020 2860 818 4480 469
163 8825 8794 5132 9093 7916 8488 1695 6200 9425 6420 4542 7586 2214 9747 6214 6274 7961 1389 9383 7066 8297 6140 8467 184 3135 3597 5718 8413 2984
164 3348 3300 6101 4288 8788 9082 2856 9757 1824 8430 7015 2925 2217 3025 8457 6843 1685 4756 2136 9723 8304 7326 9252 9201 3359 3852 111 6421 2065
165 5468 61 4878 4362 9183 1660 7135 4162 59 438 1071 3374 2350 3238 437 55 2179 5367 2274 340 606 8740 9892 4754 7423 4255 3207 5204 565
166 3193 428 8240 5402 334 2266 7435 8757 5374 1225 1934 3725 7548 3825 6819 153 5117 5506 3930 8163 1251 9902 1036 6103 8492 4943 4284 1012 3511
167 5788 9642 292 5677 625 2356 8778 3979 6383 2608 4072 4682 8859 3958 8249 2371 7287 8309 4936 506 1328 670 459 8963 4312 6607 4567 6466 3436
168 3971 2741 3143 7497 3038 8660 8831 4536 9153 3350 5156 6633 521 8313 9115 2425 7341 807 6317 4308 1921 897 5256 9645 1492 8932 5541 2819 285
169 1044 7689 8712 8704 4092 1131 9590 5717 9518 3635 7347 6681 2626 9410 9264 2911 7932 3731 7162 5290 2213 5721 6332 763 2480 2813 7645 7389 1159
170 6387 8745 9935 8931 4223 6107 371 352 2628 4414 5251 7300 4915 4346 9574 4108 8702 4576 8628 5701 3444 8672 6549 5332 3398 3495 6454 295 9408
171 1630 9760 6880 5246 166 3336 8114 3636 2862 4923 5715 7873 5833 7902 810 5082 342 4816 9796 6652 9997 8760 1431 7275 7976 4593 378 1058 3651
172 5816 6981 6957 9992 4126 4150 9285 8343 6316 7650 7720 9676 8241 8581 1675 7844 5230 6110 2611 8865 566 9534 4153 7869 2335 8974 5663 2328 3970
173 6303 7740 9973 3913 4831 916 844 412 6337 7994 9640 9849 8278 8639 1679 8080 5709 7414 3574 9587 678 1762 4867 9594 6863 8636 8530 6475 471
174 4694 3483 6072 4828 7785 3489 910 2078 7351 9858 1078 1577 1502 1999 2541 8706 8292 1470 5669 9831 1504 8478 6470 2982 8863 8952 264 3995 8696
175 5453 4759 7281 5526 9089 7752 2858 6594 8718 2677 3126 88 2088 5179 4309 8773 9398 1471 8688 5522 2474 7272 8423 4592 9572 1607 2232 6741 4814
176 6060 4735 3420 6082 5918 6188 7786 2734 8961 3935 6534 7814 7900 8658 6283 8955 1807 2063 9 7408 3027 7833 8857 6820 1985 2889 1770 8758 2882
177 933 5606 9000 8266 8484 7939 1950 3094 9142 4842 7550 1832 9464 219 6785 6333 5664 2901 2341 9852 3338 5796 9272 3814 2380 3934 3871 42 9745
178 6875 201 9435 58 8832 2006 5085 4495 9985 5560 467 8720 2483 1524 7172 6768 7595 6750 8432 9887 4116 8409 3753 4590 3164 9301 8256 738 2210
179 8809 2502 1432 3528 5015 3684 8152 6216 1815 6417 576 8785 2583 1708 5613 7878 8424 6961 19 5004 5652 8726 4938 6992 3923 3239 8257 5009 6453
180 4076 9489 5209 9739 9004 4169 442 9216 6980 7305 1490 9908 2786 3029 6403 8017 9148 461 691 9646 1751 9749 20 4333 8999 9990 5569 9335 6098
181 7724 1586 8016 4746 9947 4997 2152 2728 7879 8148 3188 6382 5642 3451 6479 7812 9533 1518 1220 9709 2110 3526 1907 1600 3506 583 9933 9292 2221
182 3181 3036 1723 6442 2870 7340 5163 3281 8291 2119 5881 7063 9128 5660 9549 7891 881 4428 1789 1542 4873 4395 3354 1734 5862 3394 2895 2980 9333
183 5728 3379 2923 6963 4701 8299 9169 6363 2364 7330 7640 8285 6844 6786 274 8780 1096 4869 4809 1994 5690 4834 3477 2092 1969 7549 3752 3548 8578
184 9964 4397 5429 1269 8058 2329 3589 6780 3215 1637 7698 1227 9521 9034 1130 9340 4420 5694 1138 4217 6468 9478 4044 4916 2909 1509 6676 8879 1887
185 1624 5064 8721 8709 9895 6485 4174 7259 3857 2283 5968 1828 1333 9553 1440 2859 4672 6899 3116 4318 7806 1077 4466 5801 4344 2448 6726 832 793
186 373 8458 4365 9744 719 9725 4908 8391 4692 3245 6542 3031 2197 3704 2348 3030 4870 9450 5992 8853 9909 2588 4974 8504 7989 2867 34 1268 8030
187 5696 8569 4448 1535 4256 9730 5430 9868 4808 3448 2491 5223 6365 6219 6648 8422 6265 9789 7361 8887 3842 3746 9466 4942 8884 3134 213 3160 3705
188 9404 9342 8495 1691 8282 5512 7254 300 0 1536 2297 5460 7070 7652 6861 2023 6494 4143 8008 8903 5148 4490 9764 7321 2659 9072 3249 5586 7924
189 9434 4434 8252 4119 9109 339 2550 1231 2002 5776 3839 3435 3172 1748 5666 2161 8933 4657 785 9573 5437 6088 999 7596 3775 1955 1638 6879 5343
190 4899 5692 8054 4925 1634 1621 67 1500 2629 5803 4093 5257 3910 2377 5738 5732 432 7345 8972 9751 9199 6171 2410 7897 6720 9540 3443 7319 1537
191 5651 8169 3141 1155 2711 128 248 4681 9218 9378 9728 5909 6579 4068 6292 8922 2521 3507 602 518 4100 9630 250 967 6789 1995 6814 356 243
192 7258 5172 3559 2700 2936 2159 707 5985 1860 9817 586 6730 7606 5098 6527 8992 2958 3990 821 1222 4469 2987 440 1342 7274 2883 9440 3622 4493
193 1303 7112 4514 4609 5142 3751 1813 6958 3418 2623 3758 6772 9663 6404 9842 955 8448 9785 9825 1958 3983 3213 5626 2668 7354 5977 787 6617 8691
194 2363 8603 9708 8194 5306 6391 2601 2186 5743 4473 3925 6939 655 6426 954 1697 1543 1468 1200 4525 7218 4485 7216 4049 1976 654 2443 2507 7721
195 6233 9164 3009 1022 8793 6836 9326 9915 406 6113 3962 1663 3532 868 1932 2612 3070 2636 2797 9009 7615 6157 8064 2072 4586 1830 3645 2565 5212
196 1787 2069 5559 5126 9843 1057 5521 3317 1307 8382 5308 2857 5463 1690 2111 8722 4817 4390 3671 2798 8920 7940 9692 5917 4989 5641 5895 5412 2479
197 3155 6562 7490 997 210 1414 6472 4579 2193 8395 5315 3198 5747 1848 4059 28 993 5790 6143 2838 1154 8438 1980 7868 2848 7245 4242 6658 866
198 6517 9409 1644 9299 7572 5013 7029 8522 2562 8730 6151 4996 7541 3133 4127 2224 1886 6603 7862 5480 6742 8443 4025 241 3623 3516 9505 9038 8215
199 6525 6752 1706 4944 857 5164 9570 9364 5532 9017 7165 5927 706 5336 4322 4519 2487 8436 8547 5572 3324 2569 5554 529 3999 8063 36 774 2981
200 8229 3178 4687 5863 1822 7210 9814 1287 1707 2654 227 6928 5035 5627 4795 6237 3138 630 8898 6950 7329 5354 6969 943 9155 9921 4898 1214 3212
201 2581 5198 8464 6972 2206 737 1972 3467 6124 3798 4990 7072 7755 5711 5998 8138 3320 1758 9737 7158 7342 893 419 2547 4339 4190 8366 4509
202 9029 8531 1643 8354 3118 2399 2360 9648 7569 4081 5099 8765 1124 6364 7710 9904 9286 3830 178 7379 9959 6019 2450 2802 3063 7455 4300 5190
203 4194 1254 1793 8737 571 5621 4640 2876 1151 4090 5317 9019 1722 8397 8272 2973 78 3873 1871 1488 6244 3644 3461 3715 892 9605 734 1344
204 4297 4785 6297 9870 6005 8538 5900 3421 2141 5215 8888 9768 4858 8630 9532 3340 2302 4860 1876 2059 8419 5281 5325 4970 1084 7136 5723 9037
205 6754 2753 2068 715 9467 8542 8588 3543 5970 69 277 107 5491 9087 1597 7507 2843 6163 1982 4482 5840 7422 5351 6226 1112 8622 8129 833
206 4788 5689 5458 7972 4798 9191 2138 3551 7737 152 1334 961 5834 2488 1625 9092 3891 8579 2508 5052 81 7494 5774 6451 6566 3555 8599 3246
207 9684 8699 1046 8938 2442 9224 2615 4063 7911 1274 1407 4986 5971 5014 2240 9297 9175 9221 3000 6034 3949 4560 6017 7091 7604 4004 4110 8137
208 1942 629 9310 9695 8549 9714 4423 4911 2343 2554 2044 598 7291 5484 4697 12 3686 1208 4877 6130 4708 8235 8490 1015 1486 7322 6220 9438
209 3353 3260 51 973 193 2047 8768 5587 3601 3097 3520 1083 8895 8858 5418 3110 5115 3019 5262 7988 1478 3742 2770 4501 5529 8306 7543 229
210 2931 4467 3367 3984 552 2131 86 4083 6547 3694 6622 1236 809 9372 6427 4371 5334 4616 6314 9219 3334 3759 4198 7304 7380 6620 9568 5648
211 3963 2497 7412 4541 4546 4302 1039 6490 3807 6763 6793 1275 1703 3667 6673 4963 6783 7664 7233 2241 5894 4844 8642 9682 6016 9962 4313 877
212 8701 7504 8401 8928 6197 5949 1559 1291 4461 7741 7358 5674 3620 3862 7594 7449 7981 8311 4810 3585 8024 5667 9929 279 8577 8253 7703 1340
213 1436 4281 189 9279 2177 3415 2359 727 8473 7926 7578 6326 4380 4261 9196 8789 9303 2223 5428 5184 8988 5820 3472 895 400 616 97 3643
214 4416 4398 2207 5384 3261 6411 7898 1247 9108 8314 8479 2664 7307 4700 9884 9660 4147 6926 5735 6812 9659 925 3792 7977 1481 1210 1938 580
215 6710 8996 2333 5415 6663 869 9140 2738 5175 8357 815 8827 9295 5755 1395 5347 4534 9079 6503 8199 119 1461 4547 5248 2983 3885 6923 4945
216 3579 2076 5443 7716 9345 2165 1167 3144 8543 2533 2635 617 2977 5938 1991 5424 5373 141 7107 8468 808 3425 5278 610 4213 3879 8353 1402
217 3639 8368 8957 8153 5237 2519 2968 1925 6001 2805 2979 2610 4991 7829 2046 332 5409 2481 3050 2194 1271 3455 5590 1866 7479 5397 551 3696
218 4066 8612 4712 9057 6758 3439 5565 5222 6782 7789 5782 6769 6716 165 3169 453 6412 6874 3186 2869 2054 5615 6232 5 8261 4280 1736 8546
219 120 4749 7957 9801 9181 4565 6884 7201 8335 9080 5394 8519 8624 1990 5866 2847 8594 7784 4856 3264 4355 8447 6499 1365 1677 1356 7598 8360
220 2347 5530 854 4836 9777 4021 7524 8298 2971 9137 9096 8545 9091 2311 7104 4388 9110 7967 9625 3802 5745 515 9083 4620 3132 2540 2263 2864
221 2437 5598 7 8408 2955 9786 7591 386 3298 2357 9344 9298 1239 2719 9580 4807 9944 1132 9886 4138 7337 3732 9116 5515 3289 2692 2712 2134
222 6935 6306 372 9454 4779 2596 8493 1241 3539 5220 1814 185 5932 4298 642 1345 6618 1457 1420 6390 196 4046 2027 5831 6161 4114 2039 7425
223 6975 6545 7745 9937 7617 3542 7864 6514 4773 9547 2272 1060 6450 7236 1605 2684 7036 3803 2338 1367 418 5231 3874 6433 9641 8310 9528 9158
224 9114 8389 29 2183 7757 5137 5309 7167 9912 1913 3699 2128 6931 7369 6149 5094 8166 7835 2463 3855 1384 6560 5542 7386 18 9179 3364 5957
225 8580 588 1971 7226 409 7333 8690 7816 901 2382 7085 4477 8209 7964 8550 5751 2962 9337 3266 8012 4058 8428 4170 2670 840 609 3664 9428
226 5177 1079 5864 2127 6399 8990 4348 1546 1399 6714 161 4496 5756 599 8570 7748 5736 825 5372 8455 5823 3428 5502 8499 3515 7866 9557 2972
227 5379 8781 806 2222 7442 859 158 2103 3410 6940 2900 7002 6746 2595 84 7991 7538 1856 5704 35 8207 3865 6491 8800 4115 9878 4562 220
228 2974 639 8557 6419 9365 6394 1207 3827 5032 7025 3434 1262 752 4368 736 8172 8162 2145 5966 2185 8361 6414 6871 242 9024 4941 3023 7250
229 3284 1783 9185 8208 9896 638 4218 4574 6298 7073 3898 2457 757 5427 2125 8646 556 4285 6471 5078 4073 9832 7658 3646 4850 9913 6218 7439
230 3487 2310 7317 1603 596 1304 4928 4794 6645 778 4778 3709 1059 7401 6760 9544 5323 5494 6824 5975 5229 1404 8146 4279 5954 4544 7101 1352
231 4815 2837 1608 3652 3312 5166 6672 5193 7083 849 8671 6258 1290 8959 9677 3040 8997 8750 7770 7084 6537 1893 1459 2602 9417 4269 2510 4094
232 9347 9893 3412 8635 4781 6067 6864 7103 6181 1054 5152 8710 1417 43 2446 4385 9457 83 535 8940 7426 5214 3908 4109 2070 1564 6924 5390
233 1596 570 3928 8808 5144 3463 7599 7232 6243 5006 7222 1300 2166 693 5481 7407 554 1962 5679 9081 3868 6287 6502 6862 9565 7223 7454 5955
234 9380 937 9250 2760 5876 4337 922 26 8325 7039 7415 8230 2567 6526 8222 7935 1521 2432 1458 1935 4375 9717 6821 740 1534 7727 3678 3701
235 7690 1141 5953 8911 6295 6290 3210 4251 9063 9431 8226 4720 8927 6878 9976 8821 1640 2964 7938 3634 2430 980 6901 1396 9649 6797 4479 6032
236 1322 5986 8434 781 7928 7871 6349 8141 9346 560 991 2580 9765 8754 222 687 8524 8407 9243 3762 3716 3337 9097 4141 1219 3959 7815 5538
237 5110 1289 3074 2492 1031 8398 3156 1055 142 3596 9529 6266 544 9235 6703 1089 8923 3835 1896 6328 4791 4226 1455 6462 6749 4353 7743 6725
238 7427 4846 4118 3252 2291 6666 4311 3211 1910 4468 1475 6277 1533 4205 7362 1139 9320 3968 7889 9208 4868 5455 5580 2403 6907 4992 7768 2406
239 9480 9726 73 3638 4179 8634 5501 3530 3900 8011 2922 9051 3417 4595 7824 2384 9373 7841 633 1372 5539 9054 6286 2633 7714 754 52 7618
240 4812 4821 4732 5344 7702 9477 6091 672 6841 9583 6575 9064 8744 4641 9174 2459 376 7886 2495 2336 6025 9353 6551 3109 4775 1914 1398 2509
241 9237 875 4937 7026 9399 3013 7766 2164 7635 499 7704 9412 9203 6998 338 2627 658 9465 2855 6268 7725 6058 8010 5037 9095 6613 2697 8106
242 6677 6489 7700 8687 2529 3228 3717 2603 9857 3804 9290 9567 1839 8111 751 3314 1696 9855 4263 7217 8981 4888 85 7301 555 7723 8179 7418
243 450 2665 2049 2239 7849 4326 5698 3977 2011 5183 9869 1882 7496 323 1016 6792 4360 9112 5578 8775 9131 6684 7467 7691 5617 8394 8535 8662
244 4359 2667 6329 3139 1341 5197 7845 6918 2473 5385 2482 3892 8224 2806 6336 7009 3285 462 6239 182 4551 8004 8109 9979 7601 8673 1401 4730
245 1916 5060 8850 3158 2940 9750 4328 2866 4039 8461 2946 4325 9354 4363 9070 796 4317 1588 1099 259 6134 8946 2321 7098 1406 1293 947 5240
246 2017 9481 6109 3184 5861 667 4792 6604 8503 9384 3584 5851 9495 5888 2643 3060 5994 1601 7044 1553 8980 2307 2617 7696 1612 3801 423 7095
247 7920 147 3149 4229 3407 2116 5129 750 1090 826 4757 6368 1348 8040 7308 9188 8176 1648 7046 2695 223 2620 3689 8087 7153 4452 7699 4637
248 2872 758 694 9402 7959 2511 1377 1811 1326 1581 6632 7894 1451 1829 82 3119 1869 3580 7187 5149 1717 7252 4237 9846 32 5733 6348 889
249 3056 8265 5769 9885 7729 2920 3927 4540 3575 1587 8337 9864 2471 3331 971 3165 2279 4422 9577 5302 4007 401 6099 4787 303 9705 7995 5377
250 819 692 6916 595 9555 5699 4598 5653 3889 4394 517 829 5288 4187 1374 836 3449 4684 541 214 4131 3593 9967 4881 3351 3653 2817 3512
251 2868 2324 8096 1369 2475 6796 9066 6722 4163 8034 1538 6647 3673 5583 3107 1550 6080 6745 899 5741 4751 5941 70 7503 5114 5116 5487 3047
252 8645 5640 8567 4168 2998 7090 170 9829 4463 8233 1687 5765 8869 9156 3726 5450 6293 8082 2319 8406 6010 6138 3328 7573 6369 6614 8842 2489
253 6388 1361 99 1091 9802 8161 4830 2525 5097 9003 3313 9084 8894 9907 5434 6271 6416 9881 2597 8506 6354 8154 3778 8416 8363 4121 9535 8900
254 199 7735 4913 3832 1438 8300 5119 367 6532 149 5371 9212 4627 791 5678 6887 11 1316 6458 1799 7346 777 5295 9379 5005 7547 3893 7450
255 1230 1618 476 4577 2318 8529 7174 3976 9176 175 8246 3955 4650 1443 6740 7525 4492 6355 7992 8108 9609 5757 5725 1312 6541 8047 9622 8571
256 5081 8558 6281 4950 4381 3952 7769 5258 1904 704 9257 50 5591 5285 7515 7631 5466 6373 8232 494 3244 6937 9452 2919 7919 8279 627 4623
257 5206 2524 7516 5618 7270 7020 2378 7149 2467 724 200 294 7756 6477 234 8071 8977 6422 9882 1965 3524 8986 7212 3471 3223 1198 9922 188
258 5025 8902 1064 4543 7642 9336 4611 7951 4324 2572 321 309 1228 9043 396 9761 232 9954 3072 4024 5730 1376 9085 4062 3254 1843 2553 7531
259 668 3931 1270 4929 8280 644 6146 8259 5670 5706 8320 759 6100 9833 5860 173 4507 1847 3192 4905 7359 1574 1511 6378 4057 723 3206 2985
260 4320 5846 8623 8719 5241 9667 9123 9791 6896 9759 8723 936 9603 3082 6986 7558 5169 5937 5686 5219 2162 6669 7024 2934 5657 4932 6530 6736
261 7534 3621 9634 1835 9242 271 9381 2785 4969 9023 9665 1053 388 7679 7493 8833 8159 8110 6947 6276 3917 7953 867 6020 7390 6900 6832 7600
262 1668 5958 5030 8321 3311 3863 498 2824 5933 969 2084 3183 1728 8731 8076 9217 9685 9680 7787 124 1448 9197 990 1430 8331 7707 9669 6697
263 1562 8192 6576 76 1919 6158 2404 8966 7194 6687 2807 5535 3253 677 1456 9866 3309 183 8088 7238 5943 885 3938 5287 2015 3782 2315 6974
264 1749 3765 5012 472 3764 7314 5841 9420 1759 6912 4352 7657 3727 1224 5628 1325 4764 3121 9721 8523 7295 1966 8861 8177 1351 5381 4227 8984
265 2520 6409 6528 526 2168 8782 7628 23 2543 7892 4947 221 7324 6561 6867 3368 6580 4599 9771 8967 8591 2123 9141 6876 1858 2705 8112 247
266 5199 1680 7056 1609 4510 9738 3276 2451 2999 7895 8585 2522 7344 7655 1755 3675 9276 7315 1429 1095 9581 3111 1037 377 3633 5101 9050 4221
267 6699 1879 6600 3233 7229 4891 6634 9088 4998 708 375 3292 7540 8598 4822 6872 9807 8060 2849 2087 1119 6033 1744 2048 9059 5185 9525 9582
268 207 2201 7499 1522 7416 6496 7447 513 8537 1868 6006 8907 4250 8878 4987 9633 101 2376 4502 2591 5719 6049 6048 4573 5326 8149 4652 9593
269 1454 4644 9045 5500 7639 9157 8267 3582 9666 2220 6269 1472 4659 9147 7097 9687 2056 3102 7813 7742 3306 8296 1186 7016 1765 2663 2578 4275
270 7001 1433 9332 5503 2259 9421 8657 8197 3811 4031 48 3162 4953 431 8525 2935 2965 3500 8255 622 6982 8466 1213 7676 4977 4070 4699 7438
271 8328 1686 1142 9828 5759 660 1501 1245 4268 5623 2640 5688 7882 2429 966 4042 3761 3413 8497 1763 7996 9172 1249 3130 5341 5303 8649 8807
272 7064 1831 2122 4017 6615 1780 3112 1463 5124 7157 5180 6934 1033 2791 2647 7489 4107 3480 74 530 648 9720 2237 6837 5361 7613 4125 3988
273 186 4805 3884 4517 8324 5106 4917 3756 1816 7566 5448 7791 2040 4158 3375 9719 4146 3793 1595 5589 3403 534 3360 7535 6564 9949 9135 5495
274 288 9919 94 5934 7224 6273 7451 7343 3985 8572 5792 9987 9277 5607 3806 1827 5109 6948 5120 6334 6592 888 5685 9650 7530 6445 1127 7779
275 2035 1359 863 6927 9970 1957 2132 9152 4689 8597 4140 653 9291 5661 3936 5635 5413 7518 8044 6366 7922 3611 7027 328 9463 6827 5882 351
276 4976 5096 7266 7506 3209 2768 7811 4949 8677 8799 9149 1272 9898 2755 4336 8934 49 7545 1177 7428 9471 6850 2812 1571 2330 2143 9251 5314
277 6483 6007 2337 9940 4840 3055 8312 8420 1004 215 939 2571 9988 3344 6482 9392 5420 9948 4183 3217 601 5311 3216 3799 3905 4195 9862 7289
278 8067 7396 8694 3720 8317 4165 8358 8605 5891 6608 4262 4097 1730 3519 699 2699 5773 1040 4366 4005 1237 6389 3676 5585 4617 7348 589 7491
279 7227 1373 2052 4960 8661 6203 5837 9762 7614 6839 5818 7299 2733 4733 1212 4036 8836 1320 6073 4299 3278 6583 6021 7610 3053 9007 682 8507
280 2648 2038 3422 5880 9400 8139 6178 735 8502 8985 957 9132 2890 1162 1862 9711 9033 1386 6353 4802 4410 9966 9999 9099 3077 4825 4277 8975
281 3496 9784 9628 9274 104 9994 6183 1569 8834 317 3527 801 3538 2126 2246 1800 9160 1715 6770 5410 308 1088 1042 9448 8693 7990 7576 9755
282 5171 9797 6563 4096 628 2303 8880 2990 3 1116 7028 3240 4497 2455 4156 6662 2320 2878 8122 6346 4884 1669 9387 771 9308 5474 1072 9837
283 5216 3004 1008 4340 804 2431 9668 6626 780 4545 9036 3325 6902 3083 7584 7611 2515 3624 9519 8564 8269 3026 9773 2579 5259 1623 4133 9924
284 9512 6690 5245 5889 8771 3174 2808 7649 5189 6708 9712 8806 7059 3173 8113 8165 6064 5451 9703 5836 9234 843 6639 3150 6573 665 6917 3640
285 5061 9459 7256 7470 358 5509 5475 7777 8031 4405 6596 8889 7144 6546 9911 1048 6825 6439 4417 7202 3356 1286 9413 5869 4909 3464 9040 9444
286 6117 1620 4451 1324 3654 8508 522 208 6177 6438 992 9980 9008 7695 2830 8759 7554 6480 6305 7360 3383 3382 3054 817 5423 6066 7000 8640
287 8763 8510 5118 4488 4231 8875 2825 4696 6245 7049 3182 2462 960 3492 6267 9485 8260 6571 6823 7715 5553 7822 3737 822 7161 1427 5088 3981
288 6548 439 6586 9049 5877 1264 8477 7209 8333 7241 4895 5684 994 3846 6757 6374 8276 7276 7262 9078 1626 9119 7764 2781 5805 3777 6051 9793
289 9536 5065 3287 9192 6357 4167 9022 9414 8540 8637 6282 6495 1530 6667 8896 6578 1688 8746 8562 1989 2418 9516 8 9120 2117 6460 7732 5497
290 316 6356 7681 5456 7874 5238 9562 403 8601 824 1970 8838 5102 1387 9522 8119 4669 9390 7828 2370 2661 2277 927 380 7179 8804 850 3459
291 8339 2137 8160 5575 327 9100 411 4060 9554 2691 2249 9306 6187 4084 982 4396 5157 1482 8318 3805 4171 2637 6164 5783 71 4474 3010 5276
292 2379 3632 8536 9133 1047 3682 1123 4134 9897 5355 2638 9824 6945 5749 2407 8006 9492 6018 8351 4402 4847 5053 9818 2888 591 5610 3123 1964
293 6747 6246 8560 341 1720 4273 2914 4136 1727 6557 3914 9894 7086 5995 4849 9860 9936 6070 924 7004 5021 1899 871 4232 3433 9401 5775 6791
294 7473 9975 4848 1945 6254 5044 3809 4538 7431 8074 4661 1791 8070 6162 2722 2721 226 7636 4843 7035 5921 5122 2230 8683 6805 2112 886 5632
295 8734 4208 1041 8415 6860 8472 5829 7633 7941 9443 5286 2109 9271 6497 8078 3376 456 8559 6764 8811 7424 8170 5253 5662 2966 2720 3728 5029
296 2992 6960 1382 2582 7067 9356 6795 2747 7800 1979 7693 3365 3603 7137 711 4824 2424 8801 9014 9258 192 1023 7353 8520 7643 6885 720 7602
297 5619 2414 5672 855 15 9585 2910 2811 7807 3763 9511 4651 6210 7474 2662 6991 6933 150 9397 4532 1563 2688 1009 6505 8019 1400 3819 9486
298 8755 9367 2498 7365 5611 3604 3605 6664 8554 3766 4015 7138 6212 9182 4101 7502 7193 1394 747 6804 6331 6971 2252 7041 643 3255 4820 2902
299 2826 9656 5703 8852 523 5022 6455 4240 7513 4290 8738 7574 9348 9327 4270 7915 9205 1646 1992 7529 8729 7320 2476 4185 1912 3887 2556 4181
300 2736 2434 770 5121 3092 5596 8600 6698 7520 5075 416 659 113 482 5624 1168 1233 1946 3693 7608 1653 7846 5445 5808 3982 7505 5762 7585
301 9018 5328 3363 9690 4852 716 9968 9729 3396 6396 1281 2494 546 919 6654 1283 4983 4829 4719 8263 1775 1920 2707 8098 8644 7559 945 2292
302 3906 4316 3513 5817 6057 3406 236 4523 4880 8431 4023 2599 8736 5366 9165 1956 5136 5000 6030 8783 2285 2255 434 330 4254 4438 4628 7331
303 2099 8182 8171 8451 6094 4030 2614 5217 5807 9430 5556 5795 6 5473 641 3514 8125 8881 6087 9474 2794 4872 3848 786 8271 6320 1113 3607
304 5952 8061 204 8596 8327 5425 7678 5346 7339 1888 8648 6938 5162 7328 3861 3945 9002 9246 8830 1716 3441 5859 454 2557 1030 6761 4248 9362
305 7948 9416 6997 1 8877 2140 9451 5906 8663 2743 9920 8518 9993 7511 4056 4439 674 553 8936 2080 3996 7391 3771 5310 7713 8075 2396 5592
306 4718 2085 1082 905 9318 3227 5724 6702 1266 4411 503 9713 918 324 7686 4743 977 6036 4610 4035 7388 262 593 8326 4859 5729 3577 9309
307 5536 4470 2952 1379 116 3545 7204 6848 5232 9694 564 1902 1327 489 9343 5228 9639 7012 8417 4184 1445 1967 1732 769 8733 6228 4707 7801
308 4832 5511 8005 1710 1174 4306 8886 7446 6766 1226 1906 4549 2257 1983 710 5597 1704 9689 2676 5364 1526 2535 2258 5438 8917 873 6709 1028
309 9890 6582 420 1742 8486 5404 9220 5772 5001 9619 2486 6704 2761 2730 1911 6223 5338 8856 2829 6012 1855 3341 2803 5726 3683 1641 6905 2598
310 1178 1545 2967 5444 563 7349 9612 7587 7048 9748 2674 6809 5778 3618 5313 6488 7982 8914 9067 6694 2752 5603 3522 838 5108 2696 47 2778
311 7106 3318 4173 998 3438 2908 359 7607 8059 1248 9315 7712 6605 4424 9229 6799 468 9811 1941 6790 3453 7809 3774 1111 7562 4933 618 7552
312 9808 749 5746 6601 3626 4500 1411 1794 27 1898 3768 8099 7884 8364 9743 9071 519 2560 5139 686 8120 7856 5612 1968 258 5543 2727 3609
313 3576 2108 6508 6713 5793 4634 4930 1122 762 3342 4503 8349 8762 326 2739 3120 2233 5492 5400 2657 1936 8840 6345 2577 1861 7211 6794 5902
314 7934 5498 9193 8026 7313 7575 405 1961 776 9556 379 1354 4453 2411 1397 4550 3933 125 6574 3679 4686 9500 6949 7733 6302 8805 5737 2892
315 8065 6106 8459 357 9016 8867 4091 2150 1115 1238 4524 2101 4607 7921 2395 4635 4291 837 7125 5359 5104 1840 9168 8590 6327 712 5806 3086
316 45 972 8749 8945 2189 9618 6176 4528 3569 1642 842 2762 8527 9171 3662 5483 6160 1297 9255 5687 8676 2653 9927 3049 9700 2273 2200 6506
317 7662 2881 1299 9856 5525 7088 8705 6092 8213 7071 3541 3168 8707 831 5643 7173 6400 2818 9672 9265 9863 3140 626 3057 914 2681 3586 9482
318 8670 1821 8583 1034 8958 798 9261 6206 620 7461 6129 3416 9180 3881 8136 9432 8185 5967 5221 679 478 8735 3319 7773 1617 3229 2385 53
319 7284 795 1102 3613 4526 8818 89 6481 4630 8650 2094 3505 366 6449 603 6828 1984 6090 5576 2042 2834 9351 3326 4515 8544 6985 2650 2774
320 4529 8964 7963 3743 7855 1134 3147 6680 6590 1531 2645 5523 5744 7310 615 9238 4267 7526 8741 5467 4988 9368 4367 5614 6175 9248 823 726
321 7675 9423 3151 7242 9424 4602 4675 7279 9453 3129 2759 9013 7034 1491 1651 926 5218 767 443 7040 7936 4012 493 6154 1062 2025 4193 1447
322 7975 3556 90 9950 9458 6811 8774 9524 293 4920 3400 9227 9442 3856 1836 1133 5380 6611 1255 7668 3583 8480 1452 6994 1745 9282 2845 5912
323 4088 6893 7799 4002 1422 8000 9105 2932 1234 6629 4027 938 206 4522 3546 7659 6342 6738 5433 9273 3599 9154 1874 8084 900 7010 6011 3697
324 3615 3230 3698 7243 1974 9752 9607 3357 4887 8533 4283 5563 3566 4894 4433 8228 9957 3816 7400 7051 4152 585 6192 9268 2106 2256 6135 6126
325 6903 3440 4235 696 6624 391 1170 6993 8682 8925 5489 5890 6873 7523 9020 8247 2386 110 8348 7171 6027 1477 362 56 5279 2433 9673 5282
326 5875 5815 883 5675 6631 5249 3052 9932 154 2281 5973 7673 7023 8043 9263 9498 2854 3533 1194 9047 6253 1120 413 3497 1726 3669 951 7514
327 9812 7792 1767 7356 7827 9608 6983 1689 3637 4585 8234 1358 9804 1105 9355 4521 3248 2484 5389 9805 9880 1309 1087 3612 3824 8307 2079 3007
328 2436 1317 7033 8376 9151 1805 8897 2460 5150 6891 1590 4234 1108 1520 1714 8128 4582 6358 4968 2944 1927 2314 2008 3800 7836 479 3409 3445
329 4054 3302 9916 1100 8893 5446 9331 2621 5476 1301 1725 4978 1193 2066 2961 8698 6693 7082 6696 3481 2552 4330 9283 6829 3916 1129 7055 8618
330 361 4305 3347 2835 8910 9223 590 2938 5855 4123 3867 6914 5814 3776 5405 2877 7371 8727 7555 5963 3372 4563 9906 8761 4955 2107 9561 9259
331 1718 2160 8029 4407 575 1631 3201 3943 7399 6075 5339 8051 6910 4893 6376 7045 417 3744 7634 7960 1846 6014 1774 22 6779 3370 3265 7533
332 1875 8442 8204 7646 1140 2238 3796 7767 7624 6952 5879 8633 7154 6362 7837 8184 1051 6849 524 383 2477 7251 6535 2737 7682 5914 6515 7881
333 5507 1514 820 8210 1435 2549 5771 8870 8561 9293 2019 9756 8244 2218 8421 9317 3755 7133 788 2423 3890 7383 7717 7228 8866 7292 3713 4668
334 9930 5599 415 8392 3677 3875 7117 1346 9275 1464 3957 2478 7751 7632 348 3087 3993 7527 4202 7166 574 449 6638 9931 548 9575 7121 1258
335 369 1582 5401 6310 3779 4568 1487 3462 1069 3235 7445 3411 6429 8028 3937 5826 5211 9626 5646 8512 2064 3380 7475 2715 2630 3590 5176 5508
336 4670 1667 6756 6656 4003 8033 3450 3088 1144 3402 7568 4450 6936 9062 6956 803 7464 860 7923 9330 4727 4361 8286 4166 4967 6457 8841 605
337 6932 3784 8556 5919 8655 8739 9734 287 2248 2309 9769 5843 7248 2723 9189 2782 9484 1383 7832 1779 3672 2435 4435 1189 6833 8239 7018 645
338 6568 8346 1852 6984 1639 1176 1576 9782 4427 5557 1700 7593 7372 4946 9591 3189 9637 4356 8418 2182 4717 3304 6989 2534 3692 3739 9778 1818
339 6856 9446 8140 7440 2584 1810 6889 1769 913 6343 5561 8574 3208 5925 944 4765 387 5644 9186 3610 5333 4734 2558 5224 5951 907 305 3749
340 7625 920 4695 8336 3429 2575 8131 4327 2939 1963 3221 2790 4857 6059 2344 8189 2978 5794 486 5054 508 5911 8685 5370 9671 6184 4201 8939
341 2276 7890 4837 1549 4436 5465 5056 8287 3860 2060 4455 9651 9827 7093 6737 9144 5531 6978 4910 6272 619 7334 1343 6803 613 7788 7556 9280
342 8243 1698 2021 2897 8032 581 7944 8929 8767 7661 5002 6423 134 2669 3204 60 7265 381 501 1870 3656 9469 3437 3503 3476 452 8121 8848
343 301 5358 8942 3069 9360 5168 1165 9241 9170 9691 5067 6636 7660 7406 4747 1552 5960 1853 4729 4571 5989 9958 3537 797 3920 3329 102 2701
344 4067 7726 1050 3401 9809 7296 1933 1889 5269 140 8155 6660 190 9060 9032 4188 6121 3345 7749 6941 6319 2496 4331 4247 5637 3457 117 4839
345 5913 1721 5141 5087 2304 7436 5123 2757 5659 1973 2229 1619 703 9232 9847 6240 8115 7823 8356 6973 8183 4038 7539 9599 7417 5188 2564 8534
346 2839 6230 5922 5292 3106 8485 7605 3826 5838 5982 3788 1820 3033 9879 728 6516 8212 8270 8814 7753 8225 1785 2740 3185 1507 5555 1223 2174
347 3534 5896 2651 7220 7622 1003 8018 3896 8274 7434 3989 2907 4796 1754 4518 7590 2673 8330 1181 7798 8551 2439 6685 5449 3386 7896 1948 4674
348 8620 9462 2398 7680 2605 4537 8214 4862 8308 1949 4578 4157 5472 2970 5091 9624 4304 8802 1864 9134 9688 5962 8517 1005 6774 8195 8198 4516
349 354 9986 8494 9027 3218 6252 1045 6185 8700 5207 4664 7457 6464 3702 368 536 5077 95 2472 4454 3279 7965 8653 8429 8025 2666 1573 9202
350 4350 1204 8716 6507 3393 8874 6408 8595 3277 5639 6405 1650 8483 4854 3275 1473 7207 1294 5547 5353 3820 9854 9468 2154 9632 3180 3197 96
