1 6520 9028 1237 6892 1634 6915 4657 4701 7414 6573 9267 4545 4646 9613 3089 5042
2 262 4232 2330 7052 2137 8125 6920 6761 8653 7919 9482 5124 5726 1838 3893 5887
3 9702 3555 519 8126 2393 9408 169 7035 1702 8040 1482 5478 6556 4005 4213 7412
4 2007 4802 793 7616 3890 8170 3348 2125 5025 2874 1731 6923 6843 5923 5171 1676
5 9099 9437 5018 6334 6261 1066 4337 3284 8496 7612 2794 6968 7827 6080 5600
6 4144 2056 8914 7027 8189 1501 7300 6025 128 7768 6177 7034 8584 1094 8433
7 7904 2768 9006 7109 9531 2748 8420 9916 6609 8828 6762 7509 9138 2032 8532
8 2343 6863 538 8316 1469 2897 9875 1299 6699 2278 7567 9570 9866 5041 9023
9 5317 7020 5892 1912 4605 3003 608 1903 333 3217 1470 63 2002 6173 9812
10 4898 7496 7749 6149 4839 6750 939 2473 1045 3430 2803 1732 3568 7270 757
11 8452 2594 9068 6228 5324 7210 1281 3166 7786 3915 4921 5399 5200 8011 1872
12 7329 6227 4262 9187 7969 8544 2602 9178 1043 4064 8768 7896 7137 8084 4465
13 6363 3120 1252 9441 9263 9417 5125 1417 2250 5735 709 9013 9469 379 9024
14 5864 397 3407 9542 9485 3402 2094 2560 3231 7993 1445 291 1815 3363 9820
15 2693 4987 8489 5027 5570 3750 3220 3896 6255 1110 3192 750 3549 5743 5596
16 1480 900 9575 8410 1502 6376 5775 4166 6284 2358 3381 990 7403 6046 6962
17 5739 2698 4665 8455 5907 9280 7281 4900 6837 4879 5646 1170 5566 6443 1098
18 6072 634 5708 4082 9304 242 8987 5774 7525 5122 5818 3107 9893 7344 1264
19 7003 962 998 5901 3644 1338 1106 308 9174 5993 7179 7177 405 7866 3386
20 8606 4869 1899 8545 8055 2442 7823 1020 9645 6144 3954 469 7093 4537 4564
21 7882 6907 8664 2465 3922 4043 8834 4709 3419 7673 4772 997 8211 5601 5445
22 8070 427 9009 4412 5064 6088 3701 8760 4241 9985 5777 1169 9278 7327 7232
23 2298 5658 9333 5039 5108 1438 6997 869 4602 159 5939 4297 4806 7570 7349
24 3905 559 986 7361 6880 3417 7001 1564 5330 2273 7822 6617 5906 9971 8250
25 7314 1624 2439 7494 8161 3682 7055 2271 6352 4418 7985 813 9033 621 9127
26 2491 5393 7279 7207 8733 4844 15 4417 491 5369 9384 1223 1483 2020 116
27 2735 6564 3647 9031 9561 5367 393 9842 2770 5995 2713 1922 2562 4906 1182
28 6462 8432 3989 150 3006 4255 2437 639 7070 7254 4285 6768 4490 6238 3986
29 7028 5159 4114 3712 5033 4613 3815 871 9081 420 8671 6980 4636 6593 5504
30 881 8143 6242 3838 5750 6053 4553 1832 9753 707 675 3124 5466 9039 6043
31 39 2352 3746 8905 582 6489 6854 3903 815 1076 2493 5562 6221 1158 9274
32 9509 4789 6825 455 6440 7392 7445 4019 1178 2235 2816 5938 8136 2988 3075
33 3187 4845 5353 6312 7553 2644 9403 4970 1678 2613 3108 5948 8527 3153 3683
34 3864 9844 5632 6413 706 3803 1580 8822 1843 3009 5986 6973 821 3740 9448
35 8038 5434 8253 6978 1522 4584 1641 3870 4509 3390 9001 9025 1997 4146 9976
36 6830 107 9526 9653 2023 4599 5722 1418 4920 5663 818 295 2319 5123 520
37 5437 9986 3897 1579 2402 9288 8256 2533 5705 8181 1227 1079 4105 5182 2187
38 4998 4612 1699 5657 3350 9532 2280 3664 1336 554 2212 1757 7731 7306 4078
39 6362 4689 4848 6717 6197 3782 4754 9176 1337 3666 2782 4440 9446 7375 7258
40 8160 1322 650 8010 6531 6225 6875 9343 2170 3844 3299 6082 9932 8772 9125
41 8991 2544 874 9139 6742 8686 7934 3758 9207 4261 7566 8986 2079 4511 783
42 3134 5480 1009 1802 8908 9504 879 5128 547 4815 9137 9244 3866 4875 3195
43 1817 2142 1380 2311 9758 1371 1052 5781 841 5133 9799 9545 6800 6266 4947
44 3198 3737 5303 3257 4324 5951 2099 7540 4850 5795 2171 9695 8642 9918 8425
45 4303 7806 6445 9568 6634 9426 3152 2321 5055 785 3445 819 8975 1512 5878
46 4996 7867 7218 2225 4618 156 5615 3522 8442 3034 4077 2215 1149 3341 7878
47 6548 3252 8080 2690 6715 523 5696 3620 3680 8428 4128 3526 2753 5397 5187
48 8732 1415 8257 7408 6913 2470 8436 6745 4474 1108 6477 8589 4342 7582 8691
49 9503 8699 6036 7457 9233 7025 892 7453 5545 3777 7129 8751 6117 8609 9599
50 9011 1146 8997 5130 4134 7977 5485 7965 7508 5672 7908 9247 6132 8710 9694
51 2881 4046 9435 7815 62 8073 7422 9201 276 8309 8440 9273 6347 121 2033
52 9764 7945 7593 9616 2213 9012 1127 1245 716 9311 8746 1613 6528 3511 4338
53 7182 2381 9889 4497 2691 574 1563 2484 1481 4299 9475 1711 7488 5918 5036
54 605 1213 8234 4695 2864 3476 2564 3867 5841 4475 3302 2830 7745 7245 7877
55 1107 7094 3216 7455 3550 4458 5468 4576 6395 5282 3579 2841 429 8797 4411
56 6834 694 6124 7578 4925 7089 9256 5636 7646 5942 4428 3854 2054 8865 8132
57 2605 9355 6811 1957 2472 2430 1855 5752 1729 6040 7790 4767 3376 9375 2175
58 6740 345 9775 4274 7050 9208 52 7592 3593 7162 8921 4955 3383 912 3069
59 558 8343 9193 5105 2676 2035 398 8334 6346 637 9106 7920 9262 3164 3771
60 2288 9588 3118 6303 6010 824 1475 2876 6367 3333 76 9389 2779 3686 7955
61 9624 1776 2524 6542 7664 8717 2709 7693 6749 3339 3456 678 4328 7092 8310
62 7476 7728 5578 1185 2636 685 3175 9320 7998 3950 7537 4139 5095 607 8330
63 6382 9559 6288 3464 5213 2576 5611 5086 9759 6799 9576 4856 5252 2105 1458
64 6581 1686 7291 6763 7590 4878 2008 5733 525 7655 802 5117 9254 2885 4393
65 1773 1831 8645 9479 9 5849 6872 6633 779 1217 2434 5308 3616 3788 5799
66 7280 3703 1140 6691 1436 7302 924 8936 3690 3384 4185 5493 5620 6966 6111
67 8239 6943 2597 7644 2588 690 2789 9605 7266 6190 6444 6342 7321 7199 7899
68 2204 2648 5037 2022 756 2732 9887 2389 8800 9258 6734 7684 9093 876 9783
69 7347 3191 5348 2160 3971 3424 6758 2807 8903 9462 9656 8162 1675 3814 1505
70 7966 489 5495 3619 5068 8356 1845 7925 511 661 1235 8688 1967 7087 2614
71 3508 5984 6220 5045 7086 9493 3988 9711 2694 2179 3660 864 4350 7804 2640
72 5156 8061 6340 5203 9539 5608 4263 309 3183 3661 8579 1826 6182 8013 3366
73 5763 3066 5606 7121 2570 6204 4331 1557 5285 8575 1798 3059 7149 2838 6944
74 1721 4614 8654 7986 4468 7979 6096 4707 5667 8974 2222 4894 7722 3349 7511
75 2134 8934 9459 1983 9146 343 6252 5205 9762 9085 6589 8196 9988 4361 7927
76 264 3478 2138 2453 4493 7949 546 6185 9795 2624 801 274 1958 6661 9111
77 7373 4247 2577 8327 4600 8375 610 861 1246 5990 887 2210 3662 6732 1044
78 8464 1614 2682 9507 5804 9627 1581 3631 1531 6841 7166 2699 3923 7002 1668
79 928 6583 4095 585 1011 9717 4634 4010 1972 7043 7935 3301 5655 7274 2416
80 2591 4985 6249 7639 2866 4206 6716 117 2073 9045 8209 5035 9845 9748 3274
81 5426 9060 2021 8576 719 5283 8740 1943 2943 7452 9898 7406 4616 166 5241
82 4924 34 473 5543 4209 7269 417 2428 4457 8470 2349 9088 5801 1840 5675
83 9489 4981 775 8258 5727 7752 5587 4531 9710 26 6110 9912 6700 6950 8897
84 4301 1341 2777 8299 7304 7889 735 6500 8024 282 6171 57 7294 7036 9906
85 8721 5968 3566 7864 8647 8596 2063 6925 2501 3000 6904 1301 9938 7874 1222
86 4087 1932 4323 594 600 8809 5343 9070 3073 5160 7489 4521 2436 9157 3892
87 9100 3965 5084 670 2334 2610 6909 2181 3913 6653 471 399 3273 3258 4266
88 9897 7850 9313 6969 4983 2718 7416 3827 6643 7837 1961 782 3414 4507 5292
89 5377 8366 4486 7461 6374 5215 1117 7397 8725 672 2233 1567 4601 5178 6569
90 9444 1323 4751 8995 2097 9607 2230 7579 2396 983 2641 1741 7139 7136 8804
91 5321 9090 5647 9949 3454 1506 3465 531 3851 1339 3218 3541 7377 7470 715
92 6724 251 5900 5165 5362 3968 4574 753 7450 2945 6781 4164 8435 7473 3344
93 134 6855 6250 8165 6427 8917 4813 804 8057 3605 8789 4276 9744 7853 4678
94 3887 6933 6759 5 6883 9536 5262 877 8077 4194 9693 6757 263 8750 6637
95 2787 9612 853 5662 7033 9994 5286 1684 8317 5641 2443 6862 273 8803 6996
96 4532 798 1060 5905 139 868 5373 3121 44 6121 2604 7110 6062 1018 8296
97 3491 4753 1695 7983 6946 4281 6167 3863 1596 8117 4099 7178 331 1388 589
98 2984 1847 7589 9862 7502 138 6802 6502 4496 7924 5049 8367 389 1984 2221
99 613 5837 8313 1369 9521 493 6942 13 5409 8597 8551 9091 512 4550 5535
100 9751 7100 9834 3816 623 4050 7008 3437 6900 9048 8583 9728 1347 6438 5659
101 1071 4380 4244 7720 1067 4744 7367 7011 49 232 9883 1994 6163 6461 1782
102 4450 4625 4322 3313 5595 7901 8631 404 213 1312 392 2890 6579 9237 5827
103 1594 6245 1311 5142 9484 9183 8813 3947 1633 2703 1008 5792 374 9332 6906
104 854 8079 8279 1073 3338 2351 988 4186 2508 2906 1203 8361 503 3345 2260
105 4184 4880 9826 8707 3634 5214 1785 5222 3250 3483 1562 9291 2712 3798 2392
106 7318 8284 210 4467 5612 3934 4109 4903 5389 3657 4234 9309 8559 4824 4558
107 3311 5802 6439 6259 6048 4049 5243 4919 6562 6400 4452 2163 9284 5862 8871
108 288 6159 9583 3411 6191 6203 6028 7938 8977 7475 4781 3691 2490 6471 9960
109 3265 2346 2839 4654 6529 7333 6650 500 9468 8880 5989 8303 3160 6955 215
110 5625 0 410 4766 8306 5058 6695 1889 1800 2043 6584 8899 3332 7022 961
111 3962 7746 1850 9184 9905 6234 7076 1966 5034 2417 7211 9691 3413 8801 6868
112 8885 3623 2609 1587 1319 1708 29 3834 5856 4098 1549 664 4696 9235 7331
113 129 2374 3847 6482 9413 3391 717 8071 6499 4395 1694 1016 4927 9885 8429
114 8667 2877 5078 7622 1953 3920 925 9740 9321 7116 2603 3239 5210 1063 6146
115 698 1724 6578 504 4246 4722 3823 2696 505 7770 8465 3373 5363 4623 3946
116 3877 2549 9974 4388 7081 8540 3907 2742 836 9087 8693 4093 6300 4686 6957
117 723 6398 1251 7548 209 5003 2861 2747 1880 893 2912 5525 6380 8062 8344
118 1680 4632 1935 9069 1175 5456 3319 4041 2921 2488 2065 6877 6623 603 8508
119 1725 8066 5145 9654 6429 6954 4833 4738 4107 6796 3500 7727 1677 705 9458
120 6169 9118 5176 1456 7523 7059 6459 6998 4415 9181 4374 7734 2707 4296 445
121 8893 257 2519 8603 8001 8089 8646 8690 5547 1723 7709 8666 4956 6423 1244
122 9451 1234 3571 8863 1907 8806 2455 8824 7700 3401 8859 1434 6982 6871 2102
123 5679 2722 3592 441 5101 8910 3574 944 8267 5540 11 2076 7435 9553 3104
124 4029 7332 4823 1853 1647 9957 8336 1034 9909 6765 643 3016 8280 9696 5385
125 5997 8619 5949 1946 1960 3431 789 4327 9973 6861 4033 3473 9120 1426 8149
126 3705 7290 3792 1955 2403 4124 3420 4643 3463 202 4726 4111 1129 5668 9778
127 1374 2115 3493 4820 4994 5059 3797 5202 4432 6290 5536 5440 1909 7869 1015
128 4135 2155 7565 6645 7802 7134 5405 5785 6961 9873 6951 6045 2440 8307 2383
129 8625 3557 1282 3418 8478 9669 5430 6773 8610 237 8558 6103 4248 8462 2781
130 3256 8449 4387 394 8521 9723 5756 7881 9113 7433 486 6189 4305 8787 3912
131 3625 6463 2652 1465 7513 2995 293 8758 9537 9314 1860 6550 4704 834 4926
132 631 7056 7907 1754 7859 3397 1485 1395 9591 882 6566 6632 4930 3315 7113
133 2147 8006 1520 3645 9725 6138 6033 5760 1238 1523 8347 9331 5194 3527 8159
134 6526 289 6627 4769 6819 8081 9538 5866 3811 2500 8607 4870 5357 4692 4161
135 3215 2292 9508 5238 9817 4035 9682 6410 5418 6150 8858 7961 8391 9457 5728
136 7196 2931 9679 5635 2310 8197 7047 6782 7169 7467 9703 9514 312 9847 6345
137 2692 6133 995 7793 606 45 258 8369 7277 3038 326 2697 906 595 6888
138 8565 8411 2197 73 2831 296 431 8459 8651 7063 1609 2894 2657 2207 8236
139 5593 8676 4470 1345 2957 3944 1173 692 9368 4408 3497 3589 5150 2746 304
140 1188 3775 6360 3081 5784 5964 2101 3713 3858 7658 5966 8214 5955 6017 1749
141 619 4291 8247 7006 7401 6701 4419 5710 5224 7776 6685 9427 6451 6295 1841
142 2122 3494 9406 7065 1329 8301 7197 6784 118 8818 8850 5552 7138 6619 2960
143 8749 7374 1736 8892 2010 2581 7495 8480 1511 342 9353 3112 142 7519 4008
144 1545 8808 2140 9053 2653 3289 8107 626 5703 827 3346 5886 1601 7698 4420
145 103 6322 7125 3581 5364 5271 8138 1810 9149 2447 9975 7135 3295 1865 5359
146 8786 7821 347 3670 6656 7159 8376 3245 1250 4270 506 9891 5073 3873 6538
147 3630 9676 4638 3861 8205 9610 6229 4585 2647 9179 1132 460 6389 4790 6551
148 5452 8072 9407 4158 9242 965 6694 8054 3055 9692 5926 3076 9177 5590 7219
149 4148 8624 3996 755 2338 2429 795 8328 4742 903 6840 3586 9480 6311 7560
150 7387 252 8203 5779 4277 3197 2804 386 5807 3087 6987 3974 1599 6532 7572
151 1666 4112 2837 7186 4794 4630 3208 6097 7469 5199 7916 2282 1669 7486 435
152 2918 3186 3379 8827 6011 7915 4743 8238 7482 8957 9492 3032 2414 7617 1386
153 5151 6696 4032 9950 6256 9328 6162 2012 8644 9864 1514 6587 3027 8386 3395
154 2499 7943 7576 1120 6436 891 7353 2474 8890 1017 4201 7298 3997 228 5522
155 5833 2412 9433 4196 3101 2191 855 4256 4682 1402 8639 7717 4080 978 5681
156 205 3150 1197 7379 5847 4138 1928 6822 4731 4901 1348 1261 8567 3434 7809
157 2959 6466 3362 7774 442 5269 2750 7051 4888 2322 6626 1904 2738 5614 2700
158 8868 6664 3881 1468 3168 5335 8588 9438 8363 3860 7581 4364 5503 7597 2761
159 5260 4385 6519 1753 3293 7163 9606 2535 8502 5422 8177 5500 7855 7615 5585
160 9663 4536 3399 2822 3642 9434 4394 3049 310 5798 8585 7024 9899 8198 7729
161 3828 9358 4091 4573 5716 1194 9463 4480 1791 6764 8615 8100 175 9129 8092
162 4647 4320 443 676 423 3839 1383 6126 3505 8349 5060 9381 2117 3535 8218
163 3163 3779 5896 1748 1384 5100 6642 9078 5309 8825 5857 192 2805 4304 9640
164 7892 2958 6094 5153 1673 7014 7069 1139 7875 9160 6939 194 5435 4544 666
165 2863 359 8365 6708 4282 8338 8068 6202 858 9894 7072 4779 5458 6697 3594
166 8048 7584 9410 8377 6608 695 552 9982 2369 655 7241 7632 5474 325 3688
167 1691 2545 3147 754 7585 2268 1273 915 2375 897 7740 772 6894 1870 3999
168 6108 2714 9989 2853 2418 3052 1875 979 3427 1030 8802 2515 7657 5591 5928
169 5604 5932 2495 3222 4210 3532 2823 1820 3769 1692 8944 2974 8437 8370 8208
170 2261 3960 4939 3531 7405 163 2963 3543 4737 3977 2087 3244 9198 8877 8947
171 4220 4834 8275 4708 4829 1766 5298 4182 8516 5539 2426 5649 220 8939 2224
172 5950 8778 1968 5501 5323 3617 8371 5453 6976 6000 2552 5999 3012 829 6710
173 7205 181 3878 5897 6388 5755 5143 8320 1936 8820 2606 6508 3618 2615 7847
174 2382 3054 7012 8675 2766 8166 5687 9216 1964 1550 3821 7209 5089 4915 8060
175 5424 7248 1328 9792 8634 9890 5976 2066 2857 2736 6218 7409 8021 5910 9935
176 171 8543 1933 4115 9428 1001 5982 3178 3850 4609 9920 8326 8259 7836 7685
177 6514 745 7991 4473 923 1080 1646 6170 5139 5534 1532 8352 8945 8838 9506
178 5072 7454 1542 6552 2069 4336 6148 8730 6932 6775 556 9490 9136 8879 9698
179 9447 2910 2947 7595 3978 7017 6657 4687 7775 7395 2083 9595 9292 9275 6317
180 2082 968 3095 3145 7851 7128 7551 9865 9190 9096 3328 1566 9547 2835 8593
181 8046 967 6958 4181 5494 8392 2792 633 4710 1939 4425 4086 416 4478 338
182 7937 1302 2092 778 6370 5890 8894 2154 4825 2865 6373 6123 3716 8315 934
183 4942 7716 5671 6335 8506 7529 9483 3196 5112 6268 8171 6748 3799 8909 3422
184 2112 4396 9338 6879 9398 8918 1715 4424 5800 8005 927 7783 4855 1181 4430
185 6181 8812 9869 7288 2341 9075 4549 9260 8324 8477 3306 8091 7694 2107 5026
186 8167 5721 905 7342 2987 1707 8058 2380 1050 2245 3855 2587 9411 5253 7190
187 9097 5894 5783 9221 4066 2573 8103 3979 2623 3474 1558 5344 9421 6153 9871
188 8736 7528 6960 154 5209 6341 1573 5920 3987 5414 2093 7714 1036 8783 524
189 6689 584 1375 1101 8346 6897 3520 9205 8989 9734 2565 91 7111 1262 1540
190 6935 3114 873 1884 657 8175 3606 20 1055 104 3070 5629 920 1385 3498
191 6102 4026 3205 7633 4224 3872 5219 4311 3323 3948 4946 6507 3447 1864 3857
192 380 5460 9336 1591 4510 6396 5433 5748 4932 4083 6035 7358 5097 2317 6869
193 1586 7771 1114 805 8886 8503 5899 2365 8709 4121 6741 7828 6068 5172 4413
194 2379 843 9477 3489 629 4891 7499 3233 2423 4960 9658 8988 604 7515 5293
195 7253 3041 201 9349 2509 5050 8357 6972 4541 7630 677 365 2813 8252 9226
196 3749 9153 1271 1242 5119 5455 1719 7964 1583 2538 3607 1346 4180 9241 9362
197 1816 9530 3741 6683 6247 5515 6143 1429 2980 5235 3969 2872 4251 9774 941
198 3061 7972 549 8761 2925 8222 6789 3462 6496 5618 4513 3182 5148 2168 1877
199 2512 2832 7844 4 249 8652 7029 6754 7140 6047 6120 3281 5337 3862 6860
200 2662 2214 8681 6472 360 9990 7351 7123 8519 7246 808 6130 302 5467 7737
201 2272 7143 8779 6965 2315 36 8776 1423 2790 7546 2460 395 1134 1900 9884
202 5619 8106 739 7064 2411 268 9587 1742 3486 7755 5563 1869 3400 2046 1109
203 2242 1318 1224 7701 8499 614 749 3314 8602 9836 8765 2040 3871 3080 3638
204 7970 2629 3291 2643 9681 1268 1948 3843 8763 1183 971 5410 4526 3514 4973
205 9944 4253 5845 8793 6963 2075 3105 4952 222 2726 1808 246 8034 3667 8965
206 8244 4628 6279 1392 7872 3063 6457 6105 617 627 2843 3378 8798 3951 9337
207 2344 9240 6677 4378 8095 4561 7278 6570 1688 1643 3572 3679 2015 4923 2405
208 8124 4776 3074 5488 9566 7101 8075 7122 2301 3567 3628 7971 3479 4979 3846
209 3090 7427 9959 5961 167 7265 8430 7532 3130 5472 4051 7981 3545 114 6667
210 5505 8842 2011 7289 4582 7848 79 8390 7826 6332 4202 9470 4171 1059 6797
211 8402 6034 4240 3368 5251 8114 4821 1296 5236 8796 4578 284 5022 1956 8735
212 2198 6069 6004 3976 8051 9513 5773 1535 8276 9729 8611 646 7201 2783 8855
213 3117 913 7868 5544 597 9840 5826 5328 8900 497 1093 3902 1701 2951 2030
214 3173 1525 8414 8019 2029 383 9498 6614 1233 4964 4021 4140 1836 5652 2176
215 5481 835 2893 2180 4200 2001 421 8832 1259 7004 5057 6707 5066 6180 2666
216 1572 9784 3180 3723 4792 2299 1650 3600 6390 8794 5860 842 5541 6422 3135
217 7293 1644 4662 3879 5106 2846 9112 981 6534 9126 6119 2915 7108 7679 3632
218 1286 6371 4854 4238 6501 6975 1743 5275 8627 3097 7141 3412 9449 767 4178
219 1119 6601 794 5109 6675 8632 2929 5707 8698 3371 790 4376 2284 1068 4896
220 8745 2406 4749 6949 7636 9372 3241 7713 1379 4341 6079 6680 2578 1761 6129
221 8762 9581 5610 1575 8689 9602 6912 7841 2216 5107 6337 8560 7444 3219 6263
222 6145 1295 7419 2579 6031 1372 1207 9072 3045 6882 8849 8867 7840 3641 7735
223 4735 2111 2237 459 7364 2103 8533 9637 3374 9805 1028 9555 2956 3830 8743
224 6012 5031 6195 143 8487 3461 1839 1200 5306 1940 1683 570 4453 4267 3552
225 1486 5394 9057 3990 8163 3909 3336 1734 5307 3086 7127 4007 5177 4719 5008
226 8767 6921 1187 641 507 9535 3361 5473 7569 3675 7906 4934 5759 7183 5085
227 6480 3096 2670 701 3927 2467 4795 6718 8168 5167 8635 7992 7273 17 8146
228 2119 8417 9782 1255 5162 5183 177 7432 9550 6404 8920 8351 7603 540 9148
229 946 3689 5327 3513 5978 9315 1368 9370 364 7750 544 8649 9212 2151 1305
230 7322 1917 8438 3732 7744 1287 1867 415 3886 9283 807 9786 96 2296 1574
231 654 4658 3469 4371 9551 5265 2851 2150 3937 6061 1410 529 1086 3824 7947
232 2806 5048 4525 279 9685 6513 3533 4587 6002 6780 3761 2571 2528 5678 9419
233 2978 5164 8454 4221 2930 9757 4104 6199 492 8028 4581 3288 2687 7550 449
234 4884 1003 9726 4596 3136 2345 5206 7849 989 653 5249 5854 2870 7726 551
235 447 2847 2457 960 9431 9603 5371 8538 2688 3604 7308 7602 3171 9294 2518
236 2741 7620 4978 4977 2096 53 8922 1714 136 7952 9460 8617 7756 275 2743
237 4163 7638 5102 5812 2303 1040 1437 1973 1645 68 4557 9472 8288 651 3523
238 5895 8014 9281 6042 320 2231 5842 8446 4334 123 6411 341 9632 771 993
239 9788 8526 4485 6994 6852 6486 8537 4203 6361 2471 235 764 2797 2639 2256
240 4460 1625 9378 7507 7637 7649 2320 7662 8505 2900 1097 1971 4652 4017 5498
241 448 9238 3704 7623 9008 8985 2967 3684 2685 3024 3706 3320 4976 4084 6375
242 2522 3652 4961 3908 1772 1449 6236 4101 3202 3251 4606 8027 1389 6128 6478
243 7798 6555 5093 6810 1950 4736 8815 4787 3482 4198 6219 8816 1990 8964 8152
244 3330 7443 5934 2305 2241 7299 9133 4791 3537 4259 812 9259 4347 9290 9876
245 3548 78 9382 751 4170 8955 616 6709 4822 5131 1521 1593 5579 318 1033
246 3982 464 2433 2550 7760 8 1825 9456 8169 5144 3048 2114 8539 2424 1497
247 9689 9965 4149 7922 9868 1370 4332 5360 8773 6003 9132 2126 9631 4427 2047
248 9967 7448 7088 7950 1160 1560 5110 5725 9677 7805 9859 4368 687 5351 2914
249 3206 5917 9303 1000 3512 8140 7208 1489 148 1032 9881 6586 848 5521 3370
250 3940 2802 2505 4784 3651 3759 7629 1995 2152 1970 823 7824 1854 406 3899
251 5674 3435 4937 5279 5329 8467 7830 3020 8314 2689 3639 518 2563 1805 4155
252 19 4868 7340 6393 5855 9186 8418 3510 8535 5216 4397 563 2824 2059 5729
253 1554 9735 1004 2064 6970 30 596 8210 8563 6277 5020 1327 7459 2585 8088
254 1908 2840 2932 4386 3062 178 1065 8961 8679 8373 5497 1539 8636 6364 2817
255 8353 3610 5017 9154 3083 3203 1697 10 1051 8427 6535 2632 1210 8856 8219
256 1155 7957 9956 4038 3304 4047 5715 495 4000 8674 2992 7039 1620 763 9340
257 4340 8587 5967 9966 5874 5395 133 982 4130 3546 3005 1212 7721 3818 731
258 7501 2946 7334 8128 1191 5592 298 1304 4348 4477 4217 1637 8342 6186 1064
259 7181 6639 7852 1636 1993 6089 1457 2148 6641 4683 8032 2167 9465 426 1321
260 938 5580 3146 7227 3201 6714 4622 3247 290 4809 9620 3357 9771 1202 1623
261 3139 1705 6485 9077 3369 7451 5163 4063 660 5429 2201 4800 955 3835 2489
262 3091 7516 8243 9249 3925 8212 5170 4720 3110 7073 2905 7103 2407 4289 6848
263 4575 3262 8536 5776 7527 515 7339 5819 4269 8509 4037 8497 2848 7609 7441
264 1057 1428 8836 6635 8492 533 7558 9825 8199 2052 6999 2856 4669 8147 3693
265 1989 577 315 1672 8705 5442 7667 1400 9590 7442 7213 3524 4778 9415 5378
266 9586 245 7316 272 1589 478 9156 7477 3785 9168 8277 4631 6158 3172 8133
267 3487 7168 9301 2421 2270 1797 240 8447 4922 9466 8979 6790 9101 3518 5211
268 6792 7468 1424 7048 4287 2818 926 747 7723 9797 682 8852 1453 6282 161
269 7787 14 3646 9330 3650 6629 1693 3673 9018 9942 1049 8861 2601 7683 2347
270 8016 6602 9402 4454 4398 7074 2754 5002 3115 2327 2028 9390 2880 8515 4543
271 9455 8308 9719 7522 8714 7627 5476 5375 3480 4173 3190 9961 5944 8911 6343
272 7105 9055 3656 6237 1151 9439 6239 8230 7601 6672 4515 2633 6568 9056 6354
273 7345 9666 6210 7151 5971 9633 8069 8416 9776 6702 1005 9134 7506 9195 3177
274 6729 155 7404 4799 7157 1029 8923 9107 914 7797 4389 1998 238 2719 6308
275 1823 1698 1915 1762 7384 1834 294 9374 4172 9079 5079 3809 485 2883 8896
276 2289 2820 6481 4713 9424 3279 569 2129 5599 2821 5276 3840 1220 3409 514
277 6495 4928 1617 6428 890 3945 1184 7948 6386 5421 5381 6357 1654 4018 3225
278 7394 5339 5169 7665 2220 1022 4959 8904 1441 6992 7880 7155 3488 4565 3444
279 8525 9310 5356 1752 7095 2626 9089 9373 4362 2720 409 1635 4535 7428 4219
280 8156 9520 8015 3015 8473 5019 4796 3648 6127 4729 1313 1747 5061 7739 4755
281 5626 188 1179 7078 1883 6222 4188 3735 6201 6890 2228 6727 5400 8023 5790
282 4306 1334 9365 663 3668 9004 4699 4055 6956 7041 4199 6752 6776 9945 6815
283 5664 3742 553 2886 5470 9809 7167 5577 7479 8744 7902 7187 463 1980 7357
284 9979 6014 7944 8173 5617 5449 7888 6941 9270 9491 9752 1253 1529 2466 7524
285 4572 4664 87 9720 6270 7203 8193 7222 9422 125 5764 3194 6262 2638 9940
286 1433 8823 1293 286 2086 8094 1351 7858 248 752 6926 4528 7782 2939 3671
287 3310 2266 2649 1712 4294 9611 1767 8600 1148 3021 9062 6091 9665 4360 3702
288 6491 5581 7669 5231 5225 2335 5628 3240 2385 3659 9952 1364 9808 6856 4422
289 1934 8692 624 5491 711 4739 5853 8811 6730 5766 4402 3051 1111 7980 5267
290 4872 8872 2275 6426 2678 4758 8030 8993 8490 8305 7696 3436 1123 8728 5994
291 8458 6323 2904 6760 3698 5771 8182 4943 8940 9016 9860 3598 2979 9067 7554
292 8784 9252 8466 6924 4414 6595 1938 6533 1774 3212 5720 5723 3720 141 7999
293 9144 679 8881 239 7425 593 2860 7421 2607 4345 5956 7214 4835 862 8408
294 2646 2304 1811 720 4668 1876 4883 8888 2950 4814 6723 7839 8984 3261 9209
295 7228 2313 4597 1622 7825 5542 7185 8891 7449 4890 8086 8186 1598 3709 9827
296 6 9953 7320 2586 8951 8424 105 145 7814 5149 9316 8841 2799 4893 1069
297 4127 2879 9219 3841 1142 1275 1303 2780 9793 7206 89 2246 6993 6866 4119
298 7487 8553 2540 5877 1430 1784 1491 7514 2169 9123 236 2968 377 5154 4661
299 1041 8862 3312 9785 1923 3856 2477 9350 3406 9409 2899 3169 839 6265 6397
300 3337 9318 7810 1002 2057 3440 3318 9412 3499 9914 3544 3724 5863 9913 6465
301 1270 7718 2178 2355 4681 3525 7173 321 4819 2884 4846 6052 8213 4061 7549
302 4944 470 9705 4193 5240 7112 8245 612 6522 4042 7180 7891 9236 5376 4073
303 8785 9596 300 4464 9206 2200 9196 9688 8523 2045 348 9436 5387 5746 4271
304 1367 1827 8556 3889 3275 3745 9418 3385 8738 3308 4319 865 6368 7244 4556
305 4249 8573 9678 4611 6611 3817 9733 4488 8780 6655 6606 918 2584 8350 385
306 6470 888 1298 8912 1241 4677 2067 7217 9518 8530 7383 1112 7032 2014 722
307 1459 5001 4399 9037 5077 4771 5233 8268 434 370 8093 3747 353 6805 1696
308 5044 9017 285 4309 6859 8007 7575 9005 1727 4866 9020 5560 1552 7799 5554
309 5694 2468 4520 6289 686 8364 1890 9115 2377 8933 9027 7071 2395 247 5602
310 7653 5314 4679 8998 697 8777 2226 9359 5937 243 9517 8388 6686 256 6328
311 3980 8568 4864 2600 5512 996 2966 725 9161 1730 1937 1355 6903 1247 8164
312 7431 9661 3674 2815 6301 3580 4133 1360 9306 2085 2791 2680 7862 6009 830
313 7438 3910 3728 3305 6524 6756 4965 8312 1659 5349 6599 6809 8025 6074 2744
314 8272 3975 4330 4404 6648 7481 6026 4904 5175 5709 7596 6845 8255 7656 4456
315 2517 5274 5402 7080 7625 9285 6488 4916 5744 6746 7738 6979 9049 51 4803
316 7741 6309 6476 9414 8874 622 9724 5280 5822 9886 8919 7987 1807 479 5921
317 2721 1092 2229 1398 1687 1621 1145 2432 6293 1230 4837 2283 2005 1413 6366
318 9814 3829 8799 5070 3128 2340 2902 3933 1818 3200 6670 2867 4680 1856 6844
319 7285 4058 9364 658 4013 2530 8283 7091 2308 480 8474 3002 7545 1929 8517
320 1975 4484 1091 8486 1249 4097 530 185 3099 1048 146 5622 8286 3356 9073
321 9648 8511 3763 9597 2595 5450 1290 5682 5374 5333 1952 5843 8729 4579 966
322 964 6743 7221 1578 4250 9121 3036 8141 5407 226 2525 7067 9059 4841 4295
323 8655 7997 1039 2520 4278 1373 6523 172 6711 1781 5379 7220 3068 5411 4053
324 825 5462 6355 2763 6271 3477 7132 1205 9837 4938 7645 9888 7114 5584 4225
325 3359 8078 1401 1631 6613 266 8099 3271 535 5487 8097 1745 8037 6267 4321
326 6902 2999 3753 6574 8734 1124 1144 4391 2558 5511 8781 2936 23 6620 4693
327 7711 5482 7195 6791 2506 8045 2706 5431 4024 5740 4566 4508 7642 7237 6275
328 54 6560 9958 2798 2553 8185 7608 6455 2481 9777 6851 4620 8085 7368 7225
329 9880 3509 2262 9963 6737 8680 940 6823 4116 1648 8498 5714 8261 7863 4293
330 8251 5186 3278 2539 7312 1488 1759 9130 5116 1846 8807 1196 1404 8049 8507
331 9220 8380 7520 4847 1509 4483 2293 708 5443 2048 9342 2081 2635 1911 2370
332 3801 8643 9851 7932 4085 6084 2852 758 5555 3994 9927 4117 4437 2456 4120
333 6621 8702 9697 2953 6226 9425 4381 4168 7243 5996 1159 5013 6772 2924 5380
334 6467 9030 28 6826 7352 9641 8884 5797 9557 8531 2903 5820 8623 3822 6597
335 5490 7328 4273 1874 2068 1974 223 8522 9580 283 6662 7297 9512 4827 9297
336 164 2462 6187 7648 4445 5254 229 369 1027 930 8726 8935 9877 5201 1025
337 1216 6914 6313 2941 5319 1638 2309 792 2286 2920 454 1931 985 6515 1740
338 4810 7447 8188 4443 5533 8869 2542 1154 2559 3744 3565 1963 1671 8083 2634
339 4054 2983 8932 1655 3439 411 3452 4167 4688 4594 3601 3781 2189 2448 6666
340 6131 378 9276 5047 7788 462 3561 4522 4902 5557 3991 4570 3170 3309 9803
341 6365 8741 917 8358 1927 699 7009 5065 5695 9296 5840 6160 6030 4905 9853
342 7563 2367 4685 9277 2660 3467 9171 5454 7887 1309 7921 6735 7104 6974 476
343 3213 9626 8946 958 4076 4892 9396 5660 1162 2737 2302 638 7974 9995 974
344 7133 2141 9573 5281 4971 6085 9664 8217 1764 3133 3627 2645 9556 689 2934
345 7536 4316 88 5970 8300 7619 9969 935 2526 4936 5092 5683 324 7547 4123
346 8683 744 1448 7144 9363 8225 1084 2878 2674 7485 5946 6381 1104 1085 5053
347 8718 2050 2364 7743 9423 357 2199 3825 6930 7792 8409 6442 1893 3739 5396
348 2018 4593 4363 7975 9713 592 3094 8737 7026 8479 9036 7580 3451 4034 6964
349 9158 6070 5217 8180 390 721 3967 957 7423 1981 182 9307 5447 6676 481
350 9780 8200 6588 408 8835 5751 4014 2487 8033 4094 3446 3157 9095 8154 2942
351 9657 9032 6624 5090 8882 7929 6731 3981 9352 4627 4132 6824 9769 872 4290
352 7267 2080 8029 6654 4968 8102 7577 5147 9822 4843 6705 7531 6136 225 4653
353 1215 6678 2596 413 6135 2156 4491 5341 9964 6567 1778 9046 6217 1547 5289
354 2316 8548 3935 1548 7865 5425 6504 6024 1771 6591 4479 2909 6658 1604 6435
355 3721 8227 1789 4218 880 6090 9900 6406 3004 7777 7301 6184 8012 4871 7150
356 6055 4092 329 5080 6212 8564 1232 7238 5051 8520 9625 6821 330 6302 7335
357 6281 4659 6060 5902 9015 1814 1777 659 7099 1427 522 9319 1161 7400 8031
358 4673 5643 6272 6660 9565 1517 2234 4372 9405 3629 1965 322 1292 2239 8475
359 6353 7176 9400 9667 1256 1895 4459 4887 567 4288 2438 1821 6383 4690 8980
360 7460 2332 1126 1887 1406 4020 4748 6544 591 5588 2725 3084 6582 4727 9928
361 539 5054 1982 2800 3669 6125 6814 9155 1219 250 6553 3949 8660 7272 1447
362 355 6241 8971 4222 5354 7967 7370 9649 7077 2190 7016 4817 1381 8378 1653
363 3795 2366 5423 9773 6671 9628 8387 970 402 4227 8298 7573 1665 8541 2793
364 7146 5520 1878 9800 2659 741 1544 8322 1537 6549 9213 7688 2206 1667 6788
365 8395 6005 7160 2360 787 1141 3029 9271 3263 8399 56 7753 2729 5082 1570
366 5908 6559 7309 4292 2582 2671 3057 9643 5757 9026 1225 9145 3249 6865 2452
367 3515 376 6927 1484 2616 4431 5451 9901 6649 1031 2061 1733 7015 9937 4519
368 3694 4723 8282 3388 4463 5697 5808 1918 6820 1630 2986 4517 2765 2039 7672
369 204 5121 683 8661 5517 5980 9849 6688 4129 3347 3882 6511 4909 2962 7681
370 396 1905 6663 647 6196 8108 1420 332 4842 3597 4506 7466 6336 4577 9218
371 4074 9474 9467 895 8902 8608 3415 1414 8292 4569 9324 8281 8708 7418 4027
372 9919 921 4028 2398 170 9188 4633 1603 691 5586 521 9080 4982 1240 3123
373 446 4610 6801 4583 1419 9807 4718 3921 759 4706 6021 2637 5922 1352 4801
374 7833 5991 5661 5888 2188 1168 6211 4918 1061 6216 6577 2833 7710 1901 5228
375 8087 911 5835 9600 6525 3802 7324 7262 1804 9829 6603 3484 7893 7068 3743
376 4624 3560 6934 1728 1639 5388 9172 9170 3658 1478 6931 3760 9103 7903 4143
377 4189 1476 9939 3223 3026 168 9488 929 4667 1803 8826 4197 2062 640 8488
378 9742 1172 4265 5947 5416 665 8396 1330 6179 3050 9511 4831 3085 1528 9163
379 2193 2027 7968 5979 9675 1221 8669 2390 5412 3562 2386 335 3717 2252 810
380 9540 5104 6808 6977 4807 743 9815 6916 5507 5256 7845 458 5247 5829 4694
381 5758 8622 7557 1046 4852 761 2183 280 5685 5627 9572 1288 6857 6928 4830
382 5794 8145 517 3599 5935 1096 2497 9147 1627 5879 1819 2656 7188 7410 7005
383 8150 8206 1597 5311 1760 2279 3113 9215 3106 7939 2391 7807 8008 9818 7390
384 8248 6172 2993 9524 2091 3938 3853 9222 9452 8382 3018 8712 8814 1278 8572
385 461 3472 5221 9615 3042 5791 5016 1945 366 9543 3276 9182 8847 3103 1177
386 5136 2000 6922 316 6884 7517 7240 5146 3102 94 5527 4607 9204 3876 4997
387 7817 7621 4768 3058 7255 8246 8339 9264 6817 1985 6339 4988 667 4462 7766
388 6207 7923 6264 4243 8586 9399 9796 3326 8970 2042 8264 5834 2679 5204 844
389 2269 9166 9630 99 187 2037 1214 3394 1131 3609 1236 6437 2842 5415 5814
390 6530 3966 9638 2415 3590 3011 1607 3517 1308 4192 1588 9029 3734 5936 9863
391 3868 7900 9552 498 4284 4254 5291 7440 1460 4307 1941 9496 5408 6027 1710
392 3733 9265 7562 1446 4407 8685 7287 8697 3030 8929 4999 9946 6447 7583 2336
393 5898 1342 3519 5401 6086 4793 8866 436 4780 9289 5516 3116 931 8450 2620
394 4298 1660 6122 5711 6165 7257 1166 5869 7764 152 7098 3331 1618 566 2927
395 81 3731 8960 8555 8232 8924 1180 7747 599 4235 7315 2120 1862 9855 3189
396 2400 8739 1595 806 8461 3677 7365 9635 796 4697 1576 2277 2208 901 7885
397 6692 4212 3521 2795 16 6248 9052 1243 1873 5011 4604 5689 2249 1099 9051
398 738 4730 5014 6369 65 8973 2399 4966 4533 7426 4750 9003 4045 4145 9074
399 1209 4757 9308 7120 945 200 2627 5270 6214 8616 3845 3672 6038 5809 1090
400 8672 440 5212 7497 6093 2991 3730 5998 6326 8926 3939 3894 7843 7674 2985
