1 7024 814 6971 3474 631 5559 7860 3494 1453 580 8012 1688 1349 7528 4596 2203 5394 2106 6715 5134 7581 1067 4390 5809 8667 2893 96 3917 309 490 1280 4814 507 901 3769 3702 4311 8477 5531 5968 224 2831 903 8223 6226 2853 186 7305 1055 6251 3197 9293 7084 2449 8333 420 5400 2511 7199 709 6972 5855 2103 7301 9728 1887 4231 3295 3674 3358 5948 19 4748 5002 2889 1303 1512 6871 2691 8783 6962 3866 17 4874 3876 3015 5034 5753 9440 5263 9295 4768 2515 5742 264 241
2 574 7749 7928 3871 1458 9318 1954 6560 6431 6551 8559 3805 5219 9718 3114 4692 5456 3800 1893 8991 7991 3658 2353 9588 5276 5236 7798 8391 8384 571 9894 6111 752 5768 6797 3916 4634 9655 7628 8260 8152 7054 7170 8262 9004 3116 2277 8565 6069 6558 7340 3650 9399 4095 3299 1432 9091 2855 7794 1721 9829 5937 3278 1833 1338 3867 4238 4267 7122 8407 6580 2776 6224 4164 5577 1550 6056 1584 3498 8910 8172 9922 1525 8873 1685 3407 1834 8977 8435 8791 293 5892 2341 3 3723 767
3 699 6605 710 5873 6082 8521 8599 1249 8195 7912 6544 4371 5704 3488 3465 6099 602 5934 2646 930 8014 8895 5944 4528 7052 6929 2302 4847 1728 833 723 9346 983 32 2213 3327 4662 731 525 1561 448 9164 9737 266 1677 3648 6380 6350 8988 7075 6143 5325 8330 904 246 5803 181 5532 414 4125 1988 8555 2430 2141 1553 4349 5244 6709 8244 9275 8418 4572 538 4184 5670 3863 6391 2297 3976 753 9463 1774 2916 1161 6328 6803 2556 3249 1984 9255 560 2327 5377 9720 2662 5493
4 6373 8285 9851 3067 2651 2736 9338 6643 85 8039 5598 8542 854 608 3772 7959 1767 1177 2005 3770 444 9064 1838 7218 1507 9268 3963 4853 2305 4803 5201 4458 9937 1356 3761 3959 432 3000 1955 2719 6126 6230 2560 4413 3537 4614 170 23 9699 8769 6509 8586 712 1657 8036 9083 2445 6424 7559 7435 2785 52 5119 1574 2747 1418 5979 1494 3732 803 2446 8138 1232 5877 9545 5717 8315 2817 4493 775 9645 2661 4811 1325 7364 416 3279 6582 5682 1013 5507 2738 5169 9985 7722 6993
5 3545 8341 4098 779 3869 7389 7095 2363 2494 6245 2436 839 3089 2123 9405 3178 6440 3247 4429 4579 1925 9486 9376 8717 3690 2740 5091 6195 9077 5554 2194 5747 8137 7750 5842 5260 4142 3179 3399 1277 8653 7519 3582 4917 4008 5820 8837 34 7235 8170 14 628 6359 7661 6250 1105 7439 7372 28 7592 6399 5226 920 2910 192 6189 4294 5708 5150 3101 7292 8567 1250 2146 1368 679 9353 5139 5767 1798 45 3069 76 3945 8603 7552 3524 5684 5709 2898 9734 8980 6084 4775 5292 9026
6 5037 7842 3345 8176 8665 8913 1041 3699 9337 6265 5190 8491 3199 3056 5996 9764 9232 4873 4452 9644 5143 3428 1781 2794 5216 4354 6674 7646 1658 6086 8367 8771 8789 9090 8098 8735 9755 3182 5454 2332 9180 3482 5712 6475 4078 6046 9548 3371 7561 3909 1630 1348 8089 7805 7968 4660 9466 7406 1201 8320 2319 7368 4633 6499 2324 122 6952 8063 1422 4172 2970 8710 556 3775 3851 1703 565 6242 7452 2995 5046 4484 2257 1651 7153 8813 3742 8413 7629 5365 948 345 8973 5652 6020 9088
7 4131 1634 5164 7791 1973 5447 1848 7653 5111 3090 8833 5367 3662 8999 7378 1173 6227 4625 4515 3694 5744 8085 2888 72 9610 4997 8561 7231 2588 7545 489 2696 9072 3304 9244 9517 2568 4422 8246 2714 6468 3563 2437 8903 5457 7197 3234 5697 8164 3961 3529 8508 8238 9034 1581 8 4397 9815 4019 1883 7946 7918 9928 6879 4918 5676 7851 8784 7251 8010 4830 2388 3186 6411 4556 2331 3639 7150 7459 3631 9219 9751 8500 4461 9047 3337 8303 3672 9590 8210 3143 5218 9849 6378 8987 498
8 8727 7445 7034 2550 2492 1625 4649 9021 1963 9324 2440 2080 68 6390 5668 1941 8077 4535 5234 2616 6319 2808 7376 5291 137 6204 3214 2411 4059 2566 6730 3915 594 4091 97 4615 5543 348 6118 3516 7346 5114 8997 56 7228 8737 8849 9501 1975 4730 7927 8875 8989 2704 2727 21 3047 298 6899 2249 8047 1662 7330 2915 9297 5805 8292 8937 3216 2930 1851 4388 8438 9262 4739 4047 3717 9608 6726 5505 1737 9913 3324 5860 1661 4153 8754 4714 1654 9817 3938 5716 4084 1473 9535 1060
9 2355 4815 1601 5220 4750 4934 5088 8105 9139 124 6626 3251 1726 7586 172 5248 1423 7063 7359 2854 4309 5405 703 9055 3426 1846 3874 3188 5623 4345 7510 4843 1429 7220 5955 6718 9877 2684 4574 6624 8114 8374 2971 5658 8142 9736 866 219 6965 8070 8723 3535 1571 295 3467 9961 3245 937 7572 2861 9442 1989 575 3570 4585 7936 822 9521 8760 3983 7172 5565 568 9372 5271 4255 4283 2377 657 7381 7031 976 6051 956 2725 4486 3411 5101 5172 1226 4958 7683 7496 3898 9635 2520
10 7787 5126 4187 8338 5472 5789 2271 7146 6068 3937 2178 985 6850 390 863 798 1830 6676 750 6712 4582 6526 1532 8751 4151 4980 4017 6446 2857 8857 6722 4944 7483 8619 7852 8375 1034 4939 4832 9489 6725 5569 3597 5939 965 764 5350 605 8820 13 4995 2316 7537 480 4270 2787 4104 6792 93 9218 1789 2507 1687 9261 6190 10 1820 5691 9202 4519 8422 572 2953 502 5831 5706 6961 6928 2620 8173 8155 3553 7109 1976 8509 9147 7456 1695 7806 2020 7645 9422 7816 6921 9859 3964
11 7706 923 7082 3323 1971 1035 2638 1608 8150 4834 2604 4360 3145 6835 2154 9512 3420 8800 6684 4121 6593 9717 2140 3184 5061 5921 5031 6471 5117 6524 9432 5674 8027 1441 4746 688 1621 6168 7810 4363 932 6755 4407 9016 1646 4688 5995 658 8625 20 659 3462 9898 2278 5482 1983 5818 6606 619 1977 3759 2813 6782 1932 7849 1815 1996 6909 5242 6182 1777 1156 4977 2041 6096 215 8287 7800 3667 1236 9524 5967 1445 4335 897 9448 9098 2195 5214 4396 7710 9445 7908 431 113 4779
12 9213 6300 4022 2254 3910 8720 8884 6483 9017 1124 4247 7183 3473 7206 3899 361 4706 7578 4882 5607 1723 7801 5355 2986 7118 371 473 4173 9776 561 838 7282 2868 3001 1814 7440 3737 6798 2255 4404 2047 813 9581 3369 4850 1113 6933 3655 1596 281 1489 4189 836 4631 6279 5022 7564 1044 2142 5503 1802 4881 6866 4225 5776 8417 6912 7811 6211 7408 2052 6338 9188 3811 4180 9082 8724 7848 5167 5688 2368 6853 9150 5850 3049 9747 9429 2263 6093 3879 2495 3174 1215 2402 445 5396
13 5439 9697 7503 2281 4176 5192 1309 3526 4002 8466 6644 7411 3925 5871 129 7289 5795 1541 9018 6330 7124 1823 6503 7239 7850 2068 4321 5441 201 3375 1618 7855 8073 6465 2215 8838 2295 7267 3072 9783 979 1946 2649 5038 5683 3643 9520 1148 2653 2272 1598 6234 3559 5415 6491 5698 8741 2531 9140 6095 4237 8136 7269 2138 7625 9089 1947 664 2155 9844 754 8393 4557 4346 5646 9812 212 8562 5951 6946 3122 6877 1617 6129 3253 9827 9556 3022 109 2613 4552 6170 3693 5938 2124 6942
14 7329 5616 8355 8067 7501 5515 3110 3396 5900 4031 894 6303 4141 6348 3401 7543 704 9796 9425 4381 8424 3651 7347 8793 4561 4318 2633 8841 1351 5277 409 8607 4246 2374 3664 804 3164 5017 4658 376 1283 3596 4810 5186 7107 5368 9735 4058 6455 4448 3362 6762 8856 9243 8040 8945 3603 2577 9757 9908 4244 8583 599 2466 8302 9151 2021 5888 2313 3633 1131 4844 1375 7993 9196 1243 231 9048 9653 7790 4259 379 1793 6602 4498 5971 9960 6890 217 5931 4909 8194 3831 218 9916 9092
15 9035 8363 2048 6795 2095 8582 4093 8465 26 9578 4870 3427 6906 1956 6584 4389 2702 2902 5560 5861 8209 4877 2043 8801 1593 220 3140 9596 1540 7917 2708 7734 5549 2454 42 4203 4007 5200 7105 1937 7463 6065 6344 5799 1175 6018 1592 4252 9296 5089 6817 6777 2013 739 8383 766 8185 4273 1394 9777 4416 16 1408 6256 9712 2379 7307 5994 2778 8758 4036 8807 1465 9621 9781 3191 742 927 850 9852 5621 3837 4118 6900 2827 1519 283 4885 8037 269 8034 149 411 4816 1398 2334
16 1523 5694 5781 7336 3017 9040 5785 4669 3088 2435 5432 5526 6941 6453 6660 6181 4608 3447 3425 6864 3193 6855 2469 719 2024 8268 7866 1059 1881 992 6266 148 7995 3634 2596 7997 4167 7879 8738 8399 8094 6710 6364 3790 1452 6639 6547 4932 5392 8342 9885 115 2839 3571 3741 4965 2471 7720 2217 9826 4418 3397 2408 8082 9918 5181 7361 6508 3620 9679 1311 1557 1852 3621 7037 5876 4039 8207 1379 2619 7207 469 624 3058 4612 1328 1577 9837 8453 634 3185 5501 4223 5782 1663 7589
17 4217 8518 5606 7644 3857 9437 2996 9853 5950 6581 3758 5760 3604 6516 9471 9334 6809 8366 7066 9382 4152 9251 9786 1522 83 8686 9317 3809 285 7441 9116 2694 9250 8204 6193 9684 6029 9249 4272 8501 377 7432 8297 8267 1545 510 4723 6956 9158 2110 3951 6930 2326 5666 4797 5538 3053 2224 922 2107 6257 7531 6048 9526 3538 7327 1305 9129 8336 4670 1911 1702 312 7363 7699 7600 4600 1362 5793 6918 1163 4547 3051 2259 6213 1746 7216 1089 9414 1885 5131 7916 5253 9723 1749 8284
18 1546 5954 5636 8011 6936 2108 7641 4646 6898 291 7638 1582 1825 1979 7141 9647 8304 9531 8911 4569 221 9946 5547 7341 1127 441 9643 3850 3177 337 7043 171 3383 8680 629 1262 2631 3290 6137 9498 2429 9709 9307 8463 2925 1133 6496 7626 1297 4845 4568 7001 5118 8451 5158 5397 3783 6852 3361 2182 6658 8146 425 1278 4700 9067 5125 2151 8350 697 7186 5293 4477 107 9795 8108 6249 6698 8637 8497 1623 5555 6150 2873 7061 8301 5073 5522 9688 4531 1387 573 7081 9828 4538 9774
19 640 8669 3083 9309 7747 2933 141 8944 7513 1839 1576 7390 3841 3292 6759 4181 450 597 3950 7905 1905 1998 3353 8211 8232 1404 7642 4117 8949 1980 7100 2760 3034 216 6174 2081 3889 3647 6448 2639 165 2503 199 9733 332 2412 8416 8700 5075 8588 5331 7187 9373 1753 9563 5755 4743 7022 3454 2481 7412 6470 3364 3928 6998 343 9661 6451 530 4171 7802 6926 7913 1924 311 54 6464 7753 2887 3433 5384 9390 6844 4285 5004 3573 5354 2384 434 4855 4878 815 7092 1065 8472 781
20 336 727 4476 6009 7846 9724 7278 8404 536 2468 6833 7804 9939 3932 237 4927 3696 3297 4420 2022 7238 4682 8052 8264 3446 2859 3068 5059 2782 2896 6420 3010 4657 7962 18 8121 8778 6075 8489 4846 6386 2742 1001 9944 3821 3343 997 9408 6015 5016 8433 7878 968 2442 4597 2992 7553 1461 5206 3014 244 6522 4497 4357 8825 4147 2634 6897 6354 5513 7935 8612 8864 2514 6080 1492 8236 1234 3309 4711 5485 2270 7018 5281 5975 5841 162 3730 1655 7911 4362 1589 9344 2373 773 3539
21 2036 4359 5733 6248 1558 4940 2622 1320 2682 2679 9481 8042 8265 7613 2637 6838 6500 3875 7643 2120 8218 7872 9612 1488 4554 1339 9426 1033 6362 5434 3507 4063 152 2641 2239 9061 9642 886 9850 8981 1276 4387 4712 1 7132 3840 7184 9488 3471 5246 307 8893 1470 2856 2057 4287 847 8679 5294 5665 828 6613 6616 6100 506 5972 4998 8129 9235 7171 9228 9715 9410 9284 401 4925 5579 2226 2479 5599 5984 4826 635 1220 7624 7845 1888 3989 2993 9294 4787 1868 2365 3504 1373 5864
22 4479 8214 9456 9818 1681 5155 3120 2656 4573 2830 1003 516 988 8254 4046 1076 7230 4470 9634 4453 4214 3126 9857 6206 7812 2298 1566 6986 9787 6501 7181 5122 2033 4622 7302 101 3638 5334 3218 5723 9175 8307 7458 3860 7480 7058 7338 9622 4962 7690 3861 2394 2451 5332 3086 4430 1174 7684 204 6192 2718 9721 2304 6731 2570 7709 7744 6366 2764 2557 2851 2074 9990 1647 1097 2183 7549 2521 2699 1072 6054 6892 846 5786 667 9707 3064 7777 5146 2401 7436 2086 4717 4979 6361 7611
23 4525 2892 1747 563 6969 1198 4863 3849 5582 8409 2648 842 4213 9910 6813 1970 3244 8649 5162 8079 4480 7086 4591 5770 9638 6902 7598 8395 1282 7055 7651 733 8019 5465 4734 104 8062 1111 6023 5936 511 284 7703 3894 8696 7487 2248 382 5223 8818 1121 5319 8059 8772 3795 6490 3574 8387 1354 9020 3379 191 4139 7159 4504 8288 3738 9480 5311 3749 3707 2553 2792 1939 9871 3326 3387 5777 4043 1361 584 7326 1450 1990 6057 1942 6000 8590 5960 3154 547 4889 5974 6259 3592 7949
24 6796 4456 6814 4812 527 3739 1807 6016 7554 2102 3075 183 3476 1218 1383 2963 4943 5136 6991 533 5909 7502 6276 7113 1745 9469 9127 9592 5115 1272 4652 6970 9282 6940 7131 8595 8181 1865 7014 6751 1289 6885 2809 7410 53 2674 2800 5459 6904 9693 5212 6977 160 4120 4198 8656 4897 8431 7618 9103 5287 1165 7861 7874 6314 4441 8084 1223 7674 885 7682 5724 3828 3891 3644 5761 4161 346 6246 3011 7164 9477 2399 4893 6343 8604 8103 9329 7217 4313 1337 7799 8648 7076 6595 3111
25 4609 9059 22 3168 1674 2840 5919 8109 1599 9921 3118 4840 9073 4133 7416 5886 3564 2303 1409 3208 4042 9897 8650 8687 8486 774 5426 1138 6562 2799 3859 8571 1324 8848 9046 675 5512 5469 8869 4549 2753 433 8719 2983 8918 2795 2863 6125 454 3392 5879 526 1271 6939 5256 8794 5382 500 9554 9163 5627 2269 8822 477 2409 7659 1321 2311 8757 5714 5807 1068 3878 5 4959 213 9263 1301 4778 8752 8247 6114 2700 7542 6623 9532 9710 1128 9680 6104 3283 9527 466 8243 8528 3734
26 3503 1030 2532 8851 2001 9835 7028 7009 2805 4821 5550 2101 4126 5068 8015 8291 8546 6484 2951 5179 3377 1974 974 2602 3912 3267 7313 4386 9009 3913 5098 6647 2318 1880 1750 1698 1818 7584 2212 7494 5082 860 164 4602 1129 3002 3107 6395 9623 5142 6732 7012 2150 8414 6711 647 7003 4578 98 2415 8231 2962 9656 5402 5478 5137 3441 7386 2078 8295 8556 9206 3881 1120 8715 554 2285 2959 5446 1061 8705 7033 4003 9620 5611 9952 261 2343 4555 9245 4160 1845 832 954 2098 8140
27 6579 1895 8410 7360 6429 400 9304 4128 7046 4956 3931 4230 6563 9504 8658 2677 9856 7663 8245 6447 3935 3288 1025 3896 70 6539 7036 4994 1118 7413 852 7966 8005 2186 2707 3845 2211 3478 4320 8862 5404 3546 2322 9552 3225 4056 3999 9404 1800 6419 6811 8277 5127 1019 873 6766 934 9630 468 5718 8549 3079 9911 6878 3802 5741 4824 8688 5035 2590 6457 9722 6834 4134 9607 4825 2289 4269 4307 1935 8906 9281 4005 1462 6763 2589 590 4261 7689 9674 6160 8527 1431 2966 4096 9600
28 4513 6784 9880 1705 6600 1082 6677 5524 4683 7194 736 4514 9198 4856 1718 6843 676 5030 8854 1420 6528 9582 8124 5847 5387 299 8942 5823 3847 1972 1269 8041 9809 3350 6720 5378 2315 4436 9593 4769 6459 6146 4742 786 3765 4616 5508 1590 2542 3544 7391 8365 7127 2301 6466 1246 8859 3512 5647 6748 3170 6180 5316 914 4674 5940 6619 4488 8427 4492 6916 8777 7243 9137 290 40 4143 8810 4543 3924 6433 2274 6264 870 4641 2744 1176 5403 9889 2999 8289 8806 2233 4112 5956 286
29 8100 7859 4906 5858 7004 1039 9122 5957 4907 1287 3303 8804 2400 6183 5279 5893 2954 6779 9433 1575 7407 210 864 6038 3366 3394 3142 7444 6412 7785 6306 8729 272 4716 7400 6327 2945 6706 6665 6142 7317 827 7948 820 4680 9997 3293 3900 5680 5869 3180 1778 9087 3219 412 2236 8950 8759 8434 5435 5278 9253 7609 3432 4760 7189 4440 5015 8776 7726 9210 6044 3031 9502 1122 9836 6486 1279 7822 5430 7395 3459 6631 5913 4731 3572 3152 9925 157 1636 9748 8959 1152 4741 8090 1841
30 3243 3271 6333 8048 9505 5295 1861 6458 9987 1713 7447 780 3301 2317 5527 2089 2972 6875 1016 6284 2678 2668 2480 9074 4471 4686 6673 7540 9384 2862 1481 184 1682 6894 3018 6407 4419 9773 7666 8086 9178 6641 9651 892 402 4037 7976 4146 6506 3012 3986 3607 9238 5064 4966 3181 6173 9298 612 7262 9335 84 9066 8402 7704 677 4784 8378 9302 254 2131 6661 6383 177 1869 3347 7047 1603 7830 6512 9772 3816 9053 546 1115 3606 8206 5619 586 1680 1604 9112 3190 5510 2866 4685
31 7766 8866 6806 9003 8657 1476 5833 8674 7379 4200 4584 8661 9740 1049 986 2756 3141 4638 3158 6840 8830 3940 6241 1536 6116 7221 8516 4926 4228 5988 2382 1763 3914 8531 6229 1400 6460 274 297 9314 1412 8541 4130 1182 2806 4698 825 4974 8995 3984 8860 672 9975 9597 7120 3550 6261 263 6530 8840 9419 1100 9682 9270 9269 2268 6816 3499 9439 2975 4215 8266 8935 606 3095 2810 3230 3042 8461 6625 446 5853 2960 1268 3421 4791 3985 6334 2540 3987 5660 503 3414 9165 318 5933
32 320 180 240 9199 3162 1876 2921 2716 7870 2157 7045 270 6548 471 5806 6545 5839 5196 1804 7573 1594 7209 6922 2104 8097 7950 1070 5329 7695 6774 5626 6577 6880 2490 4 5210 9080 6040 2046 9692 7380 3562 7067 4041 4755 2965 1225 6753 9341 6201 9516 3413 3351 911 740 3918 8182 4301 9438 9977 353 4292 9807 1940 2627 2299 437 2832 9678 3151 9791 1622 7210 900 3316 4483 4208 3980 3646 3052 5870 6417 3500 3408 3466 7425 6088 7427 2724 5758 6572 4901 31 3543 6177 800
33 5649 7098 5615 5272 9758 4158 5695 7765 8574 3061 3748 9427 8043 7318 9666 190 6097 7910 3469 738 8617 2816 2547 4106 8112 205 3698 9323 3238 4442 6066 7809 7397 3370 4908 7751 1435 6642 4085 1986 1027 5537 2561 8119 4859 4523 4818 9195 9544 7955 3085 8578 5318 1395 7482 6308 12 4567 9495 5342 4969 6974 1359 5593 6744 5521 1995 6351 8694 8554 797 2158 7971 1472 7236 6252 520 8668 6030 3490 6287 9240 3852 4982 6133 961 2917 8534 6975 3385 5067 6599 691 4507 1090 4501
34 2533 9609 3640 2801 4398 4645 8020 2137 9518 8229 5594 4575 966 9474 1292 2145 1962 7964 4032 7271 9350 4765 2587 6554 426 2939 1273 5424 7156 835 6115 2860 7705 3846 6533 242 8743 1543 5564 8141 3838 5729 4949 2105 5307 4667 4898 9383 909 9473 4485 1098 8699 3919 2973 2192 114 5099 5349 7227 5796 33 8573 9714 7486 1572 3779 6925 2208 2780 8099 4414 9176 4323 8144 1333 5780 8836 9639 4923 3501 1228 8412 7497 9041 1824 7249 751 8484 3832 7142 7319 3584 9562 193 211
35 1860 1776 4968 2652 3134 8429 1919 1817 259 9657 6403 6934 6636 7237 8928 2946 3468 6324 5422 2265 2525 6683 3510 227 1788 4862 2167 9522 3464 9401 6810 3525 2675 9174 9842 7596 9677 4325 8798 6808 3947 6255 5551 3532 7384 5701 6270 6953 1552 972 6454 4122 8762 4374 4721 3013 708 5597 6430 7826 7335 1206 1736 3172 8044 5905 4423 8154 1334 7448 2187 5058 700 1684 9695 6310 6 9435 228 8846 3823 2905 8481 9462 4530 2207 8290 1772 3215 7593 8638 9031 7280 8962 1150 6736
36 9299 7669 7888 8852 5044 435 630 2595 2296 2246 156 2847 8334 1285 255 5014 3714 7774 6085 3700 6149 9182 6467 4837 2504 1918 9739 92 548 931 6848 5845 3588 467 194 7175 513 6131 1829 9511 5193 8575 6132 9559 8630 5915 8310 7711 5811 2185 2276 5000 36 7223 6488 375 789 950 8676 7939 492 2290 9136 4823 8145 1197 7977 9050 2063 8217 3192 8832 6005 8539 1397 6611 91 3123 4048 4271 5651 6583 1263 9955 5270 9948 9423 2751 7871 2698 486 1499 7719 8967 1844 7652
37 9953 793 2535 6363 6012 1095 5203 258 196 4786 942 633 9546 5885 4764 5487 8972 9738 9025 4621 4489 1401 9287 6202 3273 3594 439 816 921 2007 611 8636 4014 2482 5228 5604 3880 7130 3096 166 7382 2820 8892 3733 1393 7188 9802 8563 9010 1683 4563 5689 656 1811 9256 660 3623 1045 1913 9568 2598 6247 2 5699 4888 2371 465 9606 2245 8055 5625 9220 3665 8782 2037 1968 134 3668 7155 4356 6039 7591 3331 35 8620 4866 1879 4351 5320 4136 7523 2843 7742 362 1901 6374
38 370 1147 1293 7551 940 6540 7614 3003 1949 5033 3695 6590 6112 6821 5479 6329 6047 1342 59 8032 8329 1896 9753 8308 6357 6421 4372 941 6550 2038 3974 100 7453 7978 5429 7388 3933 8755 1184 2478 7938 9616 9227 4066 1704 3797 2554 8746 229 4651 5300 8147 8514 4033 69 1471 9583 2292 2084 9924 4100 4463 389 1036 8963 5129 9534 2823 2624 1288 3602 9806 6139 1053 1855 7655 2422 3842 3952 4704 6901 8128 3448 397 1585 6187 2573 5500 2583 456 8739 3508 8379 7415 9417 9391
39 1384 7479 6791 9867 1554 2193 1863 7784 6652 8192 3794 8200 8406 7899 169 5851 7640 880 2944 8239 9529 5790 610 6739 7601 6990 5746 1632 207 9019 4316 2342 8901 5313 9510 5732 3642 8948 4550 5556 8799 327 472 9236 4306 5086 5304 497 407 6050 853 1341 869 7942 843 1551 722 3235 4303 638 8309 5509 899 8023 356 8370 888 9537 3372 3418 4013 3703 2812 8177 3163 8343 4697 5677 4080 5195 7700 8313 5852 2768 1641 6355 2833 8134 6760 1224 2791 8698 24 8716 6422 3514
40 3102 1537 5003 3281 2026 1028 1099 6513 7566 2870 4529 2115 990 9172 541 7383 3203 4049 3518 7201 6041 1511 5237 9668 2493 9355 5771 2171 3998 1302 5570 4719 3942 5966 1194 772 7173 578 5411 6801 243 1308 3098 9935 4586 2667 8394 2352 849 7316 2882 2175 1822 1136 6307 1858 4204 3256 5997 3716 9989 3431 1520 2113 957 8902 1296 1266 3813 4027 4024 6863 4626 4627 4727 7451 7815 7325 146 6630 926 3493 8664 9142 6349 8074 9745 9991 9731 4295 271 858 963 1385 9436 581
41 4733 3117 6607 1214 4672 2309 3038 9528 2148 2017 7694 5773 6541 7833 7443 1934 5445 9276 4558 7832 8628 2956 6733 6767 1054 5617 6370 3882 8544 2118 7944 5039 103 8994 4506 2687 7980 2712 706 9106 902 7409 5481 1859 7148 6700 44 3629 809 9254 7563 2846 4045 3470 7727 3388 4449 3356 8327 5583 158 8083 8684 4212 1904 3542 2380 4938 3836 5518 7957 7029 9553 5945 7 8643 2703 2824 3921 6868 1344 3997 3077 7887 7587 9861 4740 1264 3220 7473 728 6442 1221 1607 844 2065
42 7481 7507 2447 3081 234 438 7337 8885 8865 6487 9515 7352 5399 8566 747 4654 9673 2552 5360 4236 2869 2094 7460 9205 3649 7310 7140 4900 1443 9327 3205 260 5863 7119 5843 2927 648 3628 4342 4222 6136 7767 1180 2003 2407 1706 1298 3681 1982 9792 9814 5072 1078 7246 8193 5898 7072 5247 4410 6449 5645 1315 2567 6919 1964 5713 7974 8385 5381 6957 4580 9075 4443 6318 3971 8890 7996 4216 5517 1237 3078 2686 5029 9109 9273 1018 6087 7154 6001 6889 1109 4852 1382 4206 2045 3155
43 2922 3692 8389 7074 2463 3452 316 769 5545 252 9690 9316 7203 9264 5231 9681 7213 3835 587 2935 43 7160 8272 2690 6113 4425 9100 2360 2432 1994 4983 7789 2789 8186 5087 5678 5548 8024 5102 8324 8548 7897 1936 4150 2733 4601 1755 9079 4023 3771 758 7813 4054 705 349 8025 9209 8904 6527 7398 3622 4004 3074 8990 3743 5759 724 3250 5844 8592 4632 579 5105 7521 8576 8932 4629 1873 6735 4355 6079 7006 9676 867 9951 6561 6609 8439 8861 9669 3966 5980 2798 4239 3973 7478
44 2636 5451 155 1265 1586 4257 2035 360 5024 3511 537 483 2689 2049 5655 1088 2220 3139 8400 6794 1167 1493 8894 1207 8540 4478 9229 1103 3601 7882 4016 6159 5188 2378 5686 6891 6566 9771 6819 357 163 8692 7403 4744 5069 6272 2720 138 1014 3106 980 9650 5340 3286 6231 3390 6504 805 7693 947 4364 8339 1516 949 7665 7344 845 6375 9968 9246 5499 2957 9105 9069 2804 3458 6741 5009 7599 6948 6597 8713 63 1267 86 1428 364 9821 3565 725 9157 7965 3965 8281 6944 9493
45 6896 7287 7446 3200 3834 3728 2865 591 6236 7090 3434 6629 7114 2885 310 5756 8123 4822 2472 7385 2221 1889 9279 5552 359 7863 383 4546 4110 8016 5762 5255 698 3656 6313 891 7200 6152 6888 5639 5574 9981 8001 9388 9907 3376 5664 1353 430 3112 3886 1708 8695 3496 6243 3911 7814 3330 1699 3266 5711 9482 6304 2508 4800 8368 2395 2061 2062 518 5575 5922 4000 2943 7277 5132 7986 8513 8113 2643 7691 8889 1107 7394 2325 6823 1171 9882 5001 4720 9834 268 5259 2628 8495 9564
46 7035 8916 644 882 9926 5891 2232 9654 1433 7736 5989 9719 7740 7323 4190 9905 39 2802 2072 8270 4473 3354 879 3491 499 2544 2459 8093 4559 185 373 6535 2027 935 7764 4029 8227 7881 5305 8613 2581 4447 1562 1719 2512 3429 6238 2918 970 3613 7654 6666 1686 4896 7442 9727 812 6913 4619 5225 596 8423 7163 3659 5026 2085 2842 2261 2769 1079 9305 7300 5824 7433 7707 8958 355 2541 9015 3294 8494 5047 4434 1666 5533 7064 4500 7662 6601 7883 6107 6172 1104 3786 9982 3967
47 38 9689 6689 6756 1635 6960 5868 576 2200 1950 9509 6435 1187 8596 9007 1929 2075 4459 3032 8907 5498 7924 1424 5958 2235 6034 876 4991 2286 2205 701 8446 4767 1468 8891 3705 3066 8641 8827 4842 8271 7664 1664 2834 4183 3745 46 3839 2433 1917 912 1155 3389 9497 7738 1208 877 5239 6507 7106 1967 8835 9217 5661 7807 3217 5346 663 5460 9362 9843 4950 6668 8756 8809 6164 2524 2741 9711 4018 3814 8003 7627 3131 5990 666 1565 8819 9186 367 3269 7590 9965 9402 1580 6221
48 8053 508 8444 855 3348 5401 9060 1780 3028 386 3555 1366 1673 9893 1363 4481 4782 4693 6717 4115 6063 3189 1819 9458 2462 7166 917 5107 5802 3713 4566 496 5985 3552 1254 1058 3313 8728 9290 6862 8808 8449 3138 3517 5929 4331 2169 6638 6943 8187 4985 4099 4243 9800 9397 238 1587 1203 9732 9824 3583 3885 1436 7242 3410 7111 6289 2064 7373 2100 1318 6026 7057 1725 9315 6955 3751 2913 884 7144 5800 7475 2608 7745 6462 5642 6570 265 730 7168 5857 1560 875 1132 4050 3160
49 1158 826 3440 250 7569 8286 1066 3227 5337 1957 4012 1411 2516 9560 9768 8117 8064 1733 3461 8122 236 1731 1892 3663 6536 7671 5539 1831 8258 7424 4936 806 9969 8110 2136 5177 6365 3223 604 7214 4527 9138 3615 6321 2721 4726 2705 381 7369 288 8078 7149 8382 47 120 6196 2258 3132 366 3920 5896 5027 3903 9455 5364 7525 6903 5612 1439 3344 3483 6635 1529 175 3019 7668 7588 7414 3587 8184 9146 9629 4952 3509 1414 6743 8430 449 7354 2184 6416 6651 4836 6415 4072 8633
50 9107 4400 7264 2283 9954 494 5229 4872 5812 6120 7060 8139 7858 6693 2875 6003 8263 6514 4701 3130 4403 2160 2952 4884 7295 7868 6262 3556 2879 8943 95 3272 6315 4713 2397 9945 427 3430 1752 1123 7670 2071 6555 7760 3346 4806 2821 7234 6043 1094 8345 306 8526 74 2496 8522 2450 3926 978 6194 6723 5100 613 7366 6778 2814 7947 6529 9899 6347 3679 2190 1710 2237 3684 1170 1240 2759 3675 8225 6295 3577 4038 4838 6659 41 1162 811 8197 2632 6557 8748 9215 1866 4732 6317
51 147 3373 7973 2097 3241 1160 7266 7418 7429 6757 9071 8722 8740 6780 7649 2781 1875 2796 9575 8905 6155 6713 6267 6587 622 1985 3612 4148 3726 1991 1897 7999 7500 5085 4205 8985 2731 6578 7135 3740 8107 5040 6770 1020 5116 6742 2848 4127 7504 1415 551 3600 8547 707 2772 6384 7484 4710 4776 7367 8377 6098 1969 4981 7762 7275 1518 7071 1659 8337 4857 5393 2385 314 4570 2486 5890 3333 5573 8709 7353 6208 8614 6645 9819 1797 2165 2585 5568 6546 1530 4611 333 2204 5840 3357
52 9274 6775 1202 4433 4015 1871 8259 7254 9696 5094 174 3982 3711 5903 783 2152 5347 3547 6588 5901 6745 384 9412 8233 7605 2601 8072 8927 5829 4291 2517 4607 522 1640 9574 9162 9181 8441 4640 8953 3627 2168 8009 1038 7759 7299 3252 9257 331 3450 2526 9378 8879 1142 3957 7255 2054 2058 6924 1754 9395 6220 2032 5303 4030 9352 2498 7222 3194 716 4978 7038 2977 674 7053 2214 5987 6094 9513 9252 9221 8022 3523 7093 9984 9886 5637 2819 8640 6937 3023 1900 8960 5727 6072 6805
53 9421 9780 4805 5065 7121 2904 4532 2329 925 6163 5745 1583 8922 7677 4534 5070 8175 3617 7198 8293 6254 1898 2310 188 8572 3328 8314 4097 6628 9145 6477 8597 9523 3808 4079 9570 1610 9011 4839 9769 6494 6627 8428 1442 8691 7901 5379 553 5998 4678 7867 5657 9708 8242 3968 1738 4174 2366 1588 1961 4209 7491 2844 7123 5406 908 4199 9940 8591 4218 515 9207 6738 2346 9216 6832 8241 8502 840 1108 3060 3306 6312 3035 75 662 7065 2884 9658 3888 5910 5473 1181 4542 1261 8432
54 9190 1006 5314 1137 5475 9779 8530 3653 5138 9319 5284 8993 7161 670 5153 5112 6754 7752 3349 8775 8081 1916 458 452 463 4124 9094 4544 5113 7622 7048 9155 1416 7000 2163 1002 3314 2348 6067 195 6989 4650 2883 2722 4801 8880 5097 6992 8855 5749 9325 6750 801 423 7396 2891 4338 6305 1638 6515 5425 4503 3443 9114 5483 2695 8028 4603 1899 4604 2242 9782 2019 4911 1144 6876 9380 1951 8761 2050 3793 5908 1307 4393 1619 2423 9551 9117 3004 5173 2928 5722 2197 5632 8839 2950
55 7795 1930 7522 1884 1642 7619 2501 5197 1010 4322 8660 6520 1074 1149 8677 1274 745 794 982 9285 3897 6316 5251 1091 5685 4935 2461 289 6895 650 7073 4902 3259 7823 2551 1487 5078 2828 7675 5205 1135 8116 5090 4945 5010 301 5176 6997 5474 1835 5986 7696 5180 4297 8436 2924 94 6340 7232 7717 8203 5719 4807 262 5576 8919 9799 4691 3196 7027 9407 116 8886 5836 2484 5390 4562 4635 2903 2125 5541 8763 5299 2864 8816 3268 2858 1046 1735 5241 3580 6031 2333 5635 5296 8038
56 5821 7637 8021 4673 7698 5282 7998 7895 1595 4537 5993 7126 4369 2735 9589 3040 1125 7511 4753 57 4240 6495 6335 6984 8732 6785 2483 1491 7880 4315 7854 6964 3598 8765 7179 4333 3789 4343 9367 6771 1573 8408 3319 4976 5810 1417 8662 9241 5605 6434 6705 893 6463 4790 9339 6078 2387 8725 1652 8458 2328 7455 6352 3929 5622 1498 2474 1186 6574 9602 3340 4886 788 8250 4865 6978 1023 7041 7245 3405 7904 159 189 6724 2766 6326 4841 4754 2990 7260 5161 7920 3923 6707 1672 9915
57 9934 7030 2578 5204 5580 5130 6379 6847 3864 2485 5880 8325 8349 4758 5602 3747 9027 8357 829 999 1239 8208 2672 2354 524 7490 3721 2509 7926 5764 6781 8018 6747 2897 3255 7631 4068 6793 6161 8256 3756 9950 4482 5374 139 1689 9013 3277 6856 9125 8162 2867 951 6154 620 9266 3520 3381 4444 9104 2979 3486 7470 4637 7112 5557 4820 4518 7438 380 8515 4929 3755 3616 5848 7556 3105 2134 7737 8678 7956 4647 2762 7304 1591 6648 6669 7803 4942 8863 6148 9649 7104 2584 1922 2660
58 6995 9567 9173 9978 8941 760 7351 2582 478 9963 7258 6649 8968 5737 6037 5385 9097 5240 6022 4065 6672 1140 4668 517 2015 9561 5690 5333 2594 5057 9134 1693 5317 3403 8415 5323 4593 6981 2617 9767 4044 3212 5838 6014 292 1380 1340 5159 7177 7647 8611 3175 3818 8311 2092 2238 3682 3718 4539 5175 5361 6949 7069 9519 7333 334 5963 6592 8666 9892 7607 1796 6437 4340 5902 9272 1367 8317 7754 6342 8787 2701 3062 8823 7786 7715 6670 9377 6291 5943 9406 639 9036 3610 1945 5178
59 7692 2042 9704 2284 1840 7393 1157 7247 3725 9664 4229 3611 5315 6839 5144 7089 9451 1645 7702 7334 6920 1707 9396 872 2770 4833 8180 8017 8821 6398 1786 3671 6008 4708 2487 3082 4644 7535 2807 3063 7225 4073 8455 6908 3084 2076 5495 6260 9761 717 714 4111 6461 9929 3073 2599 5878 9340 4684 8718 7297 4256 1727 8871 48 387 7240 8226 406 424 6932 8080 2836 5041 1355 3289 4963 8786 118 1347 1501 3820 4308 82 487 8749 8623 582 7921 7426 4677 512 857 4986 4144 6027
60 1448 5497 50 7576 2476 8768 2438 8096 7818 8373 4793 4867 7468 9671 354 1466 9726 5797 8205 4738 1086 8364 1330 2082 3355 8519 3021 8796 8498 6482 9126 4577 7839 5859 9424 3231 9760 8842 4971 3589 8924 4718 9030 9085 5466 3171 6851 4392 328 2247 1966 226 6671 665 6854 5005 2615 1606 1235 2202 7419 1172 9998 1374 2670 1862 2218 9289 8212 2337 9702 678 6147 5213 5020 5056 3104 7423 1056 7162 6737 7042 4653 1219 7241 3666 2199 7983 9490 8376 5074 2899 1403 5301 7362 7288
61 8655 8069 9444 2757 2610 2129 2797 1649 9543 973 7157 5145 2949 2308 365 944 7182 6450 5358 6090 3678 88 7331 6117 4990 2051 3456 6004 4020 131 9868 8169 1092 9065 9499 3513 130 1805 5464 693 25 5163 9291 2381 5965 566 9113 5520 690 8877 3605 1005 7843 1425 8917 6552 8736 5592 2161 3645 8168 7008 399 4192 3274 6818 5018 5477 2008 4796 1145 1008 142 8964 535 6325 7988 5969 1464 1085 7898 300 4895 3321 8478 5725 2390 1480 6331 1959 6162 3495 5443 7585 1579 7568
62 4551 4774 1405 6033 5376 1281 7941 7332 2717 8936 4957 5628 9260 8188 2743 2421 7286 9675 1222 6426 6827 2737 341 6497 2728 2410 4070 9450 5585 6634 4592 1612 2358 5822 4035 7876 2665 2837 6404 8921 395 7202 1944 2818 8770 2153 1073 2060 5108 2347 4781 1903 5798 6618 8279 8167 939 6786 1709 7265 2452 7538 4165 9006 4455 929 1188 9766 4367 6553 1190 5484 3291 810 4051 2941 9191 4666 3305 4466 9038 6145 8347 5774 9762 6393 2618 8951 9248 6274 9068 4260 7575 322 4747 7708
63 7533 7080 9472 9686 8888 4026 588 1482 7909 9360 2571 7224 3284 9326 2871 2669 3016 8065 3676 2356 3147 5306 8965 2635 4382 9308 5128 819 9580 2162 7681 6322 7349 6915 2349 6218 4437 5817 6772 5348 4431 685 2612 3036 8792 3540 9081 2391 7658 4891 6966 7219 6478 9120 2815 9872 1087 626 1877 3608 3146 71 2673 748 5274 1286 4053 372 5335 3239 3752 5572 4262 2344 4905 4916 485 5222 4137 7322 3352 7147 2250 9615 8007 1874 3757 9507 7989 304 9070 7755 9933 6637 2790 7994
64 3701 4560 7462 3530 1077 4034 4961 4427 2396 358 9286 3070 9887 9967 7886 9211 2681 3312 394 4628 5488 3412 3264 3884 5135 121 6292 5351 1042 5093 9601 1474 7844 8734 3080 6481 5243 2023 1205 1806 4594 1756 5170 8887 3941 5328 4920 2775 398 8790 8076 3746 1556 689 4502 3806 5110 1255 4752 6653 8899 1426 1040 1204 4249 6233 5021 4947 6217 5083 6575 5942 5897 519 0 5584 977 7007 4278 3784 4571 1357 6271 6950 9888 2453 5884 946 2294 1992 9550 9980 123 4069 3977 8805
65 5230 9233 2227 6166 6923 6594 2336 5326 3673 4185 5925 5595 2126 8908 4499 967 140 4177 4399 6696 7136 3788 9891 3727 7116 1069 7296 9876 4630 5428 2974 5641 552 3308 4011 6205 1821 2252 757 5887 5982 1768 5470 991 6405 8470 2320 2773 7399 1310 8817 2267 1183 1314 6049 4761 5341 4709 5183 3176 9790 3276 1503 5427 5036 7606 6253 5578 2713 6958 7840 7729 856 2170 396 5750 3097 491 8318 6157 9358 1678 9392 132 7272 2519 1486 3534 8557 2350 6905 3270 3153 4076 5511 9005
66 3311 4921 975 5705 9617 9803 1241 545 8956 6822 4524 4341 3100 9051 6802 4675 2890 4928 5386 8235 4465 687 5273 4378 7580 4300 8992 989 8627 5437 5275 6061 9446 4202 4113 8057 5856 2710 971 8092 9752 1878 5930 1467 7252 273 3712 3477 9130 6656 8975 6663 7517 4408 7634 4914 6979 4736 5327 7721 2443 3380 4094 5849 7250 8321 6480 8600 5542 7680 8030 8046 8503 3043 4589 6209 7233 3008 8440 6568 2546 5121 532 5264 509 5681 3424 9756 720 1216 7771 6598 6489 5738 6959 9958
67 6826 5297 6127 4681 1083 558 9789 3159 7357 9765 9259 5946 8708 278 8711 8253 9368 5638 6124 2253 4777 7257 5748 7085 862 9343 9000 2465 9864 7422 2994 8401 1569 5883 6294 3590 6223 4394 1650 8671 5362 2420 6521 2109 9846 6091 9379 3560 770 8156 4324 959 9863 5453 763 5217 7281 796 5816 8476 5763 3991 8615 8362 7768 8900 6752 9049 5659 2406 528 296 9453 7530 5603 6701 167 8183 8876 7371 8469 5866 905 6228 3781 7827 3635 4970 1326 1700 8675 81 8974 8178 1837
68 6664 5207 9431 9193 4588 3026 9869 6323 3374 8251 6687 7990 2219 451 3485 2489 4993 9632 6215 4960 7673 5486 9813 7847 3449 1613 1196 7602 562 6564 5757 682 2543 4086 6746 7967 6596 4108 2077 287 5373 4890 7817 2323 1119 6283 9558 7174 2783 4319 6389 6053 896 6682 5819 6179 9214 1769 6400 9141 841 9029 2723 410 2774 9672 1502 3455 8681 807 2513 1787 9569 2029 8111 7387 1275 8594 3057 3636 4275 9587 3801 9875 9533 108 8826 5019 4353 3843 529 2752 351 3492 7434
69 692 9345 2763 595 8388 7891 625 7204 4376 501 1631 5794 2803 1116 4735 8381 5766 2642 8198 1304 1902 6210 1509 9052 6101 9189 1312 1377 623 7044 9525 2569 1336 8721 1559 1454 5947 9784 3568 3906 7731 5049 2693 7610 6071 6302 9900 7437 5471 5976 559 135 1782 7981 5872 6679 1714 6511 7639 368 2929 5562 7023 4454 3237 5211 4310 4157 1978 913 3071 3338 9912 3731 1739 5209 9292 1447 2473 5591 1313 3128 6947 479 4286 593 577 1440 8369 7657 4358 5492 6216 7284 9986
70 1345 474 49 7635 771 7934 1463 87 6356 6872 5914 6059 4385 9993 5045 871 2676 4188 3472 6640 2119 8858 2758 6968 7026 1370 5120 1421 4457 2300 4279 4605 5233 8970 2586 7761 834 531 5540 6277 8581 8535 4329 9614 6371 7906 1757 998 5846 7612 1741 9387 4232 9224 8471 7856 2671 9838 7819 782 8707 5106 8659 7769 6829 7049 5062 4508 5013 2464 5339 6571 4745 824 3007 5372 1329 2726 3796 7005 5252 6185 4655 3697 6036 641 4613 3895 198 8632 8120 1323 7276 5008 1469
71 4412 8298 9115 4772 4924 1209 128 7903 3812 178 7778 6884 7869 6441 9555 1981 3444 6967 4829 1438 2976 6392 9881 8106 7062 1775 5832 1890 110 3531 7524 2030 4226 475 2906 9920 7017 1600 5751 6938 2369 8872 7088 1827 9962 321 4475 6945 6476 9099 4606 3030 6019 3691 8870 868 5080 4207 1620 958 9086 3927 8947 8553 2448 9192 5654 4763 8693 4201 6886 1052 2196 1444 8392 8372 1773 4305 9665 7617 726 9351 7050 4245 7773 2907 7712 953 5721 1508 1816 4864 9763 8230 2040
72 7499 3121 7512 6083 1081 8050 8131 889 5187 9349 8915 7672 1475 7025 1891 4946 3774 4785 8215 7374 6103 200 2177 1139 9854 2683 9801 4472 1943 4254 7620 5514 7293 799 5656 851 2256 5289 8340 9605 4415 8938 8190 5662 2460 4702 3195 1022 7268 7835 8031 5804 8468 2398 388 9342 7603 5309 7931 2087 1048 4330 3398 9613 3039 4988 4234 7853 9411 6857 418 1210 2654 3683 8670 9917 2786 4749 1062 7836 6537 1539 8520 5258 9741 4581 9063 2621 7943 2424 4337 8133 9572 8930 4293
73 5063 8507 1864 2923 7547 484 3115 6874 8926 249 7137 2732 993 8654 3435 1134 7985 8482 8445 6388 6188 4077 2777 4598 6244 3955 5375 5671 3862 5834 768 8673 222 1909 1252 7010 3750 7718 8785 2362 5077 646 9841 8961 3148 5529 6052 2640 8149 9434 8939 6543 3005 5345 3566 9369 2418 5417 1037 9277 3654 5174 8102 9825 3166 5133 4405 9033 9683 637 618 1213 4406 7019 609 2414 5154 6680 5480 9135 3826 2056 9447 8396 1407 2312 9703 7919 5221 3988 4545 2767 9631 9398 2225
74 5199 1886 9964 3048 4725 230 4695 1626 3386 8045 3706 2845 4082 1365 7079 9459 8462 550 1908 7498 7678 9595 4175 6650 6887 7358 7077 2932 5023 8248 2088 9044 6225 3487 5715 1295 4618 1882 6831 5383 818 7291 3677 1696 3409 5874 66 4409 2711 5754 9979 8456 5269 5775 4170 1051 4813 5561 1915 9571 8584 9700 2901 1007 5769 8844 5409 6367 3960 1616 7676 1812 5927 7555 5261 2527 8537 7285 6176 9627 5788 5444 9566 9662 3024 4771 232 9475 5389 5553 5060 3228 3687 995 9185
75 7505 6542 1360 3815 9743 6191 4548 1406 8881 8483 4132 6369 2548 2572 1921 3156 133 5581 3660 8095 7685 4438 9242 8608 8348 9131 3777 4639 5052 9956 3579 3591 7969 4954 7134 1926 564 2293 7548 7889 3065 9873 3689 4067 350 6438 621 6219 3872 6337 5006 1244 2069 6171 6849 3972 5735 823 3776 315 583 9862 5743 1331 616 632 8158 8467 5455 2749 8006 8219 7355 3423 2558 9730 1080 374 9054 1697 6006 5516 6341 235 3302 8442 3902 4168 9166 9208 746 9487 830 4676 9565
76 202 8296 3261 1960 5050 4411 5371 9970 1169 3144 6158 7059 7557 3226 9400 3883 910 7873 6237 342 2427 5198 58 2011 9258 3780 4788 9184 9359 1637 744 4643 2969 80 4849 6387 5815 5095 9503 9039 3785 642 7757 5813 938 741 1761 3515 7565 6721 8764 2793 2383 7032 7094 8049 6999 6445 2457 1110 6402 1850 9443 1369 4724 2149 9177 9331 5634 9694 9153 5679 9742 5916 8629 4509 1217 696 4446 4281 6298 5928 4817 493 4851 4421 4221 6013 5827 969 4107 3167 4953 7595 7457
77 1247 1402 6686 5343 7532 7952 9194 6385 6439 6320 7857 9386 150 8493 1567 5249 5152 9538 874 1832 5166 669 2216 9468 2518 6740 4875 549 2117 2536 9811 8004 6729 4211 4922 9265 4553 9759 9830 9336 3873 9311 8356 6119 5791 802 6654 8153 9691 7772 3833 8126 145 9874 4384 1096 859 8631 2942 1193 8733 2609 3792 3149 6473 2663 2264 5191 6914 4312 9280 6662 9797 8171 2605 8459 1242 1842 6502 6917 9878 2053 7125 3307 5494 5440 7841 6800 6443 4289 4510 6452 5991 9152 4522
78 5895 7597 2825 1460 1229 1490 3595 4062 6842 2210 9430 2405 4759 2500 1795 1762 5156 5140 5338 1032 9225 3076 2784 555 4526 443 4984 1809 7893 6198 2739 126 6987 4860 2467 279 7875 4352 721 1734 8697 1322 1386 8605 735 2658 6799 2014 294 7829 5054 77 4491 9931 7101 2597 3463 8750 4290 1933 9706 9008 6498 4350 8323 3641 2748 7907 6951 7226 8390 4348 661 792 3744 1143 3320 3257 9023 8474 7421 2073 8912 3521 6694 5899 7862 9 7402 4694 4241 7506 6062 2579 9056
79 2563 9625 6436 5171 1836 1548 8087 302 8035 6377 5600 6017 6106 7520 1810 2626 8257 7211 5546 2491 4975 4001 6994 4536 5707 4163 8282 4737 2607 7015 5977 245 5055 6207 8610 1327 8706 7544 1004 3567 8998 1578 3497 9110 1317 3669 6883 7404 627 762 9320 1230 7290 2066 9247 7992 6268 405 4648 5267 2872 2275 848 9032 8850 4972 3484 8577 1605 3724 404 2172 2444 8160 7212 1164 4770 5208 1660 3958 7902 3336 1258 4835 282 1669 2998 1192 8651 6881 8568 9729 7192 5151 785
80 3856 3479 3206 6612 2039 4123 3360 470 1629 9713 960 9805 417 9988 5835 6105 2657 5308 6703 5772 8051 9159 4451 9187 9637 4520 4827 7763 3768 7656 9348 9014 7633 2009 557 5215 1153 3934 3561 5673 6427 4250 8088 1504 1427 8101 7178 7697 5726 4819 2940 5476 9095 3417 3829 105 251 1093 4705 5702 3576 671 5066 6197 9300 919 1253 9124 2919 918 4182 2282 3157 378 8788 2852 9012 5312 4490 4010 9540 4227 2881 9794 3059 3248 3593 4876 4690 3778 1026 7958 476 3527 4780
81 7615 9577 4138 9413 4462 6765 1759 7259 7558 8240 9321 1064 2477 2059 8703 369 3224 6456 4999 9058 8485 4377 5266 2914 2439 9586 3329 7885 4089 8511 256 326 440 2413 3382 1910 8191 4722 4288 8570 313 5398 2706 2680 9936 9705 9464 713 8920 5778 5285 5828 906 7951 9212 2761 1497 2562 276 6532 3870 1644 7196 8319 749 2600 1656 2262 3209 4474 9611 2555 3198 1783 51 8305 3480 2112 7932 4159 9943 6996 4795 9860 2475 3367 4699 7963 4894 7536 1126 8322 1449 9301 5458
